862 274 523 937 690 373 153 583 526 229 457 644 358 505 319 292 799 837 701 874 583 529 278 461 39 666 408 598 543 335 423 121 147 358 904 290 925 752 107 362 547 394 957 802 691 974 4 799 420 625
551 799 753 11 380 630 825 741 940 949 230 911 118 582 249 681 578 531 357 263 604 849 301 255 79 180 802 597 995 484 487 980 33 542 528 552 142 861 504 657 503 330 995 387 357 378 555 52 529 228
930 325 142 197 518 285 627 416 918 21 457 411 590 164 724 733 721 13 609 123 305 91 984 428 426 55 839 246 18 207 385 671 428 393 312 718 629 721 334 219 382 63 10 37 859 557 113 218 343 182
196 922 201 47 957 835 973 885 404 701 641 852 550 187 532 352 628 855 132 894 593 803 187 431 787 140 836 121 926 476 416 255 99 583 693 99 565 134 318 801 589 43 560 573 375 620 580 947 743 383
368 727 163 9 610 493 538 821 282 885 17 27 24 990 551 885 647 844 399 831 538 906 89 577 213 116 253 241 584 279 666 29 295 800 574 176 84 530 430 698 241 972 512 709 361 834 375 727 134 454
250 16 217 83 822 968 266 408 854 165 14 485 183 674 515 206 324 187 206 263 785 159 719 66 861 966 425 847 271 729 830 800 853 860 338 722 707 544 582 437 513 467 897 543 905 447 748 275 897 481
802 990 951 874 374 697 387 582 713 966 273 733 329 734 622 674 220 387 193 316 425 576 425 58 970 452 399 85 933 896 53 212 995 718 397 938 376 333 341 213 709 243 505 888 828 861 227 252 2 130
554 493 331 647 632 63 191 55 117 190 767 97 265 943 492 502 505 996 676 219 326 565 29 828 425 171 986 627 467 855 791 277 758 318 985 405 660 961 282 102 990 645 323 867 522 967 689 770 376 557
867 327 242 336 430 236 828 844 381 783 410 776 20 474 577 44 145 539 105 256 577 155 363 782 129 467 571 500 881 440 602 542 230 514 66 7 668 988 65 297 52 297 571 170 206 338 597 707 357 923
994 614 545 318 440 896 140 445 85 210 885 76 902 324 291 265 155 491 64 44 52 33 4 947 815 816 771 556 313 830 132 155 981 373 781 790 812 93 344 70 646 985 40 986 567 360 633 735 42 270
123 853 450 98 817 750 622 266 812 966 682 590 267 90 292 736 891 121 20 533 750 7 297 951 667 739 287 694 656 364 573 830 499 430 458 400 785 724 986 504 373 963 869 340 633 455 565 722 335 589
456 314 450 554 164 763 393 404 242 725 197 852 472 548 774 493 717 554 717 83 113 773 41 692 251 111 392 395 877 248 262 785 304 975 796 741 278 374 19 368 431 507 50 97 496 977 380 387 318 314
634 801 573 707 227 241 145 995 301 221 671 979 681 415 424 709 471 758 60 714 992 240 14 433 521 671 397 297 875 168 83 686 269 822 125 706 514 519 593 8 905 772 593 774 37 738 994 699 371 58
338 487 26 770 693 692 79 880 548 182 641 277 88 385 141 709 713 462 964 34 862 37 303 513 859 526 741 460 644 317 260 316 720 92 160 530 479 375 193 387 231 295 659 77 98 370 367 977 769 926
818 265 601 722 133 952 251 430 331 355 165 710 869 890 219 5 85 722 441 692 850 331 107 11 468 667 953 993 229 611 874 503 892 333 255 716 186 47 961 135 703 186 121 643 267 278 274 156 769 331
318 594 184 621 561 279 221 683 683 154 186 289 238 908 417 327 444 432 285 908 117 408 784 208 169 770 199 375 527 296 905 22 136 643 272 315 459 597 745 176 749 107 55 767 525 885 826 922 659 483
31 63 70 482 655 294 911 223 383 117 355 329 500 886 736 969 413 829 819 243 773 668 828 343 934 863 484 854 978 517 702 897 233 481 302 501 760 285 743 657 406 640 560 485 593 209 518 769 443 604
450 70 895 457 642 141 789 356 442 61 102 595 454 327 482 845 683 866 305 476 929 615 205 984 289 661 582 766 428 501 254 457 105 989 134 184 45 314 699 165 365 907 107 391 818 67 828 124 37 474
102 900 651 190 446 485 910 238 991 667 942 218 527 551 278 261 320 580 406 158 113 986 411 477 827 772 810 231 688 419 796 609 776 61 99 969 364 180 655 202 741 564 657 229 229 978 61 220 136 989
228 278 496 402 714 889 188 901 445 543 1 435 784 922 969 650 159 247 -1 -1 -1 -1 -1 -1 -1 -1 -1 -1 -1 -1 -1 380 311 455 537 279 114 802 451 888 176 542 777 851 233 213 461 825 126 996
713 752 289 864 337 260 427 683 897 68 643 485 274 426 462 780 477 277 -1 -1 -1 -1 -1 -1 -1 -1 -1 -1 -1 -1 -1 633 34 323 781 538 219 344 436 700 928 114 437 792 620 267 831 674 570 617
520 372 118 831 430 882 798 412 592 903 825 268 226 254 298 492 198 805 -1 -1 -1 -1 -1 -1 -1 -1 -1 -1 -1 -1 -1 298 859 722 83 899 823 376 357 89 273 351 842 352 921 753 467 483 175 234
204 887 115 486 907 899 94 168 887 934 167 933 910 985 791 749 670 470 -1 -1 -1 -1 -1 -1 -1 -1 -1 -1 -1 -1 -1 320 381 513 478 918 75 895 141 299 577 281 834 342 345 562 196 937 80 404
513 743 345 501 610 410 266 929 529 417 231 484 70 271 195 210 40 431 -1 -1 -1 -1 -1 -1 -1 -1 -1 -1 -1 -1 -1 497 819 325 712 63 356 183 988 374 369 439 775 228 99 168 38 321 891 893
861 12 495 505 659 197 846 196 296 146 810 825 931 719 308 792 865 451 -1 -1 -1 -1 -1 -1 -1 -1 -1 -1 -1 -1 -1 931 364 192 174 575 627 386 252 847 551 500 444 330 210 265 526 254 668 874
868 348 265 854 186 818 42 206 64 380 89 375 51 442 90 381 694 97 -1 -1 -1 -1 -1 -1 -1 -1 -1 -1 -1 -1 -1 783 382 495 31 602 790 369 620 808 540 340 932 301 407 189 23 620 974 647
351 882 508 230 103 611 88 275 520 532 264 529 381 15 497 180 220 251 -1 -1 -1 -1 -1 -1 -1 -1 -1 -1 -1 -1 -1 524 158 813 764 997 406 115 175 447 497 922 765 903 812 899 650 45 717 427
876 172 282 908 285 975 69 50 796 87 612 244 165 99 19 901 690 109 -1 -1 -1 -1 -1 -1 -1 -1 -1 -1 -1 -1 -1 833 292 829 407 825 393 707 597 750 118 820 228 150 789 569 82 571 472 430
803 418 986 103 109 307 820 625 280 823 266 206 934 706 504 219 921 404 -1 -1 -1 -1 -1 -1 -1 -1 -1 -1 -1 -1 -1 959 781 617 994 989 431 340 870 842 675 579 468 126 810 656 317 711 526 34
96 739 833 15 649 511 179 798 928 384 334 787 743 485 499 816 52 1000 -1 -1 -1 -1 -1 -1 -1 -1 -1 -1 -1 -1 -1 309 403 276 799 885 658 126 328 816 756 34 565 635 281 303 622 695 132 96
124 779 970 717 337 609 180 744 752 147 860 790 357 61 972 97 609 539 149 -1 -1 -1 -1 -1 -1 -1 -1 -1 -1 -1 -1 594 4 853 714 660 633 274 104 671 378 143 412 563 155 121 347 625 763 66
112 748 903 630 886 461 285 651 369 132 569 890 966 172 90 20 644 161 872 847 973 621 555 121 775 385 483 525 185 829 733 357 390 896 849 530 992 333 134 719 547 249 690 814 785 244 615 839 507 112
483 901 970 594 388 721 380 667 335 106 936 700 644 880 450 320 992 637 252 791 437 391 854 24 81 112 674 935 685 556 765 122 110 522 735 588 819 511 9 215 338 988 699 374 671 496 367 393 256 842
870 16 527 915 506 91 985 185 349 75 282 957 951 587 853 574 628 347 45 612 882 470 517 273 30 831 69 49 193 913 500 522 878 151 850 336 344 6 399 683 256 118 408 681 35 990 236 283 68 387
469 749 42 153 730 451 408 87 67 13 812 888 792 193 379 44 689 393 848 277 80 405 637 483 52 569 971 569 493 714 514 965 392 354 949 97 678 300 467 714 100 515 286 118 365 733 800 96 818 65
610 485 299 522 699 690 45 601 349 653 677 225 775 618 945 223 529 785 645 614 472 282 876 137 595 187 600 910 250 621 698 461 570 717 841 661 153 192 923 785 764 390 994 750 350 893 352 877 538 814
264 418 191 567 819 207 161 975 933 268 625 391 671 448 106 777 16 345 248 432 93 63 718 97 188 739 468 563 265 562 981 23 500 196 52 303 915 389 815 739 916 594 524 185 416 416 480 617 662 37
957 584 236 339 843 452 782 151 267 558 141 141 630 989 274 970 691 636 869 570 443 884 810 246 987 819 592 451 757 637 275 851 705 248 456 990 96 432 794 464 272 352 18 269 222 998 477 66 712 215
884 684 124 985 607 857 192 375 596 164 758 263 378 173 381 663 170 197 396 395 30 627 203 316 131 419 357 447 42 82 643 830 859 164 424 158 793 530 763 899 15 483 405 329 467 488 596 106 98 394
670 659 359 584 583 601 210 665 217 946 379 306 72 792 543 319 493 303 794 673 30 532 602 13 364 538 830 834 410 737 642 99 850 910 862 62 55 886 221 740 678 549 570 530 880 179 248 747 459 956
299 230 841 251 642 562 817 451 457 749 731 641 127 479 244 306 973 120 207 610 668 60 344 662 796 443 303 678 796 327 683 818 18 122 847 470 564 39 564 592 454 491 293 436 101 232 551 24 671 996
501 36 411 389 295 444 322 677 229 662 470 56 249 244 605 842 695 685 653 229 82 363 817 782 815 470 258 4 452 316 449 368 595 555 121 834 752 339 764 732 423 645 182 393 570 880 991 662 198 463
529 326 888 100 287 53 998 659 556 94 882 698 736 3 936 263 441 864 77 513 471 403 857 700 537 180 210 89 641 114 703 506 578 999 410 865 807 319 761 313 14 480 358 585 382 192 781 274 587 27
434 220 219 965 519 166 354 347 848 447 359 334 753 485 997 896 953 508 721 179 911 87 835 303 457 459 166 948 856 422 14 798 585 481 154 590 205 419 555 501 297 7 69 260 215 310 844 614 526 30
194 231 300 32 790 740 316 380 219 665 795 499 986 3 897 702 12 615 648 639 512 327 404 611 159 154 105 585 1000 906 175 614 72 5 282 483 956 599 101 769 593 878 735 664 907 800 9 890 349 706
778 182 188 536 137 406 88 113 82 515 288 123 760 631 266 209 601 247 238 701 383 396 994 446 788 897 498 418 9 300 399 696 723 656 526 834 350 634 286 307 972 714 895 69 528 996 726 836 323 18
687 109 327 810 371 608 49 848 216 505 838 216 736 921 403 729 45 298 531 627 245 840 425 878 812 121 624 309 931 637 759 262 809 512 288 915 889 828 946 967 12 115 30 970 721 356 447 825 929 90
777 611 468 991 11 467 566 302 584 145 794 118 777 701 930 762 318 767 139 411 123 916 979 965 405 64 364 711 541 675 488 554 209 209 774 614 93 870 541 641 924 233 296 290 556 56 593 628 256 469
650 785 666 987 892 762 473 422 767 473 612 885 792 459 375 362 279 190 979 50 643 298 121 881 868 853 155 418 200 792 773 990 837 63 19 515 649 773 908 792 79 256 184 143 474 217 166 379 110 794
862 476 195 650 539 184 628 587 128 584 587 877 371 723 61 867 223 44 314 321 181 89 390 612 336 707 195 147 477 110 334 588 401 771 688 282 791 428 807 573 352 648 645 891 764 992 344 918 401 73