956 65 64 645 901 176 110 996 610 775 168 921 793 596 532 576 88 113 24 961 952 724 956 508 541 690 532 641 195 678 914 494 931 548 556 650 6 291 826 2 497 922 547 313 889 42 424 326 153 796 569 681 674 693 375 453 307 791 113 540 289 34 363 15 520 371 620 542 99 787 134 648 216 763 716 26 495 774 311 829 301 361 625 411 732 406 390 738 597 455 671 677 241 417 913 446 52 134 574 713
32 389 335 233 479 924 195 38 589 172 976 878 843 24 465 807 176 324 232 992 723 666 149 833 738 171 490 713 339 907 106 768 929 856 772 606 346 740 635 828 342 952 144 194 1 596 498 912 149 701 460 665 586 254 63 981 528 346 802 526 527 65 992 205 260 729 809 574 6 358 795 305 578 189 538 202 748 949 485 515 191 208 595 33 583 417 862 956 788 341 887 715 194 727 283 256 95 519 100 283
416 930 777 19 525 549 440 185 706 526 427 36 690 404 494 72 295 413 58 570 878 272 816 655 17 26 774 104 174 206 959 268 806 914 719 550 248 40 472 513 270 843 510 817 569 867 674 612 873 506 981 872 455 855 923 167 879 123 570 809 856 763 811 472 494 813 800 562 449 870 159 930 239 611 550 96 152 78 407 554 889 340 958 619 715 717 729 116 588 516 655 264 351 224 380 764 592 641 983 776
972 928 251 247 804 63 962 231 599 206 915 685 175 734 671 951 501 518 477 713 637 503 756 692 60 645 322 567 609 34 637 833 314 636 64 208 969 702 224 444 95 781 79 392 390 668 321 786 613 954 77 984 160 433 735 517 47 299 827 756 472 488 12 933 847 771 686 750 205 982 440 748 910 779 55 338 407 101 903 600 616 918 27 80 735 162 911 725 653 571 267 837 821 647 115 721 90 628 573 731
693 591 27 118 236 98 245 765 51 998 869 552 645 992 134 664 526 182 783 999 334 417 799 453 764 1 28 620 797 490 932 315 525 599 759 248 382 100 388 890 351 408 828 285 54 138 492 655 609 314 975 771 193 212 683 228 569 833 450 12 854 519 708 237 639 546 27 1000 678 66 999 444 703 7 419 538 584 738 824 951 554 214 488 385 248 87 782 901 349 794 548 968 299 445 685 420 303 886 331 573
319 25 564 626 578 293 944 442 993 405 673 647 367 419 211 87 317 808 7 126 870 600 206 667 609 872 235 801 496 153 186 623 632 244 736 914 506 174 397 305 537 973 488 329 701 835 257 650 719 931 173 498 838 170 165 745 849 481 472 597 278 792 107 927 315 868 902 381 899 476 513 537 283 856 454 442 21 931 897 377 796 683 165 399 962 414 976 797 31 816 946 44 11 690 130 1 229 826 139 968
828 347 127 759 867 334 315 472 918 854 141 476 910 187 996 300 330 176 952 862 396 585 565 764 568 55 370 919 953 548 750 475 884 735 995 996 772 306 279 57 422 794 609 841 798 775 385 35 497 389 107 642 53 665 550 273 45 72 72 331 818 685 356 198 239 929 198 889 771 536 430 59 748 425 60 998 362 78 323 877 625 430 192 545 908 287 805 426 526 23 49 532 162 69 967 808 426 143 109 283
472 489 638 566 889 751 85 734 147 77 422 743 276 420 528 355 100 697 742 864 505 317 320 965 223 178 145 292 463 937 398 921 191 35 801 75 881 466 191 569 40 313 686 631 9 417 20 769 55 821 668 255 257 56 802 521 799 446 697 557 27 473 714 847 501 733 624 392 402 573 18 906 669 855 728 794 238 269 682 535 203 926 278 331 284 365 864 864 507 696 14 852 228 475 813 532 512 77 33 913
423 357 27 157 156 703 901 638 699 12 927 294 399 462 59 915 235 324 784 542 897 811 925 626 393 13 176 895 355 698 711 535 171 613 546 439 895 793 151 528 677 35 141 710 832 969 613 664 53 339 709 377 497 929 624 558 573 518 219 474 69 147 784 159 373 919 280 341 125 542 325 855 662 455 222 748 133 682 751 148 112 985 80 493 655 423 516 180 565 719 557 247 3 776 261 790 793 901 633 460
820 954 943 381 421 605 767 607 951 580 537 440 467 699 585 97 532 73 929 496 375 680 352 405 405 192 422 262 828 934 523 548 819 974 265 515 213 779 324 72 114 644 545 863 282 761 77 427 811 382 663 281 781 703 385 151 860 942 851 744 710 368 113 91 990 70 695 798 608 467 233 341 613 553 447 304 465 906 993 715 604 435 679 743 974 595 261 721 927 805 85 102 28 639 114 837 994 340 484 835
672 8 606 569 135 478 239 575 24 546 452 316 637 331 259 363 94 268 541 499 99 845 374 501 403 189 407 945 396 537 392 867 72 215 808 244 301 771 556 123 676 122 148 699 5 517 308 95 528 184 738 667 399 756 699 908 538 665 243 83 435 904 20 430 484 104 142 528 61 647 705 971 290 996 831 482 92 19 317 467 639 272 267 437 556 495 642 759 760 403 617 694 200 180 349 212 38 839 574 314
846 267 344 865 198 806 442 522 837 465 355 696 279 64 741 407 415 635 2 474 1 275 447 594 924 171 590 552 697 814 892 96 607 472 209 519 105 227 231 462 299 493 742 55 193 248 688 216 553 985 265 758 329 718 25 276 60 762 285 468 569 370 658 477 628 765 28 678 178 175 622 186 567 223 178 124 714 618 572 244 243 679 354 619 675 165 103 83 573 37 630 629 257 279 940 780 318 411 954 287
501 965 658 560 485 590 130 710 963 171 823 293 616 16 972 225 946 658 288 247 204 701 198 368 777 47 613 622 697 472 315 715 285 689 422 991 599 653 85 785 990 287 888 832 81 196 477 25 705 459 613 436 444 378 750 267 351 130 450 971 756 653 16 878 565 711 426 807 503 316 358 783 938 304 57 776 576 397 441 513 52 840 465 529 958 124 427 407 337 490 121 362 750 469 767 742 648 937 195 62
58 962 615 497 649 776 437 900 626 636 174 437 842 709 742 186 448 146 585 472 385 271 844 519 682 124 746 135 202 310 490 777 420 176 562 997 247 349 314 663 331 468 244 664 5 45 578 641 68 76 233 981 181 484 965 767 596 165 94 386 492 32 705 864 985 594 17 429 868 456 255 708 390 611 215 634 504 36 462 234 43 249 937 129 796 176 664 444 968 685 741 843 822 68 172 826 849 441 122 331
541 463 825 955 959 299 144 638 409 232 859 361 850 4 74 316 682 27 119 248 298 497 610 947 815 713 92 681 484 344 34 709 406 948 657 951 127 402 858 718 571 457 366 163 767 865 395 990 438 96 375 630 502 566 580 635 35 351 613 141 162 865 24 362 201 134 188 652 493 236 165 498 899 316 982 57 827 880 679 521 858 800 943 676 999 110 843 244 603 430 622 251 181 952 923 291 155 535 631 829
184 552 464 806 122 417 33 918 816 171 1000 379 87 285 622 76 52 912 715 401 95 768 896 18 823 725 421 530 870 396 999 721 524 371 874 265 397 78 658 470 811 948 99 693 591 681 727 33 684 852 944 618 245 851 887 959 361 622 396 365 443 682 583 432 87 640 615 993 777 77 153 457 440 554 443 382 956 838 721 371 564 411 167 773 515 819 418 49 236 940 71 600 241 480 607 186 130 470 358 544
77 536 250 865 631 616 324 123 50 350 160 823 647 645 624 79 397 315 16 561 628 974 103 30 801 504 714 478 544 492 281 124 921 204 617 754 651 649 986 94 923 981 216 705 677 147 317 635 418 698 223 175 188 190 125 292 622 503 32 118 791 870 368 314 984 165 517 394 819 742 103 120 79 567 72 149 34 100 664 788 198 453 137 499 838 269 987 841 805 959 50 120 213 70 885 103 515 229 868 216
951 518 861 226 111 695 7 35 911 539 702 869 199 179 8 136 897 763 343 595 517 299 496 635 960 731 333 801 532 437 211 850 320 622 972 111 938 543 687 949 89 490 319 805 377 866 438 846 216 518 116 58 129 831 466 719 559 256 964 15 972 542 519 442 986 159 71 882 138 688 765 415 500 930 614 36 670 4 407 266 672 639 911 191 520 304 731 898 158 535 554 828 85 546 109 123 97 319 294 661
622 686 228 71 387 93 938 98 911 454 355 665 690 919 797 446 712 449 2 447 617 371 679 813 780 574 387 997 832 58 443 193 732 86 313 71 199 455 844 157 841 795 58 322 761 645 33 862 192 244 563 516 157 344 544 727 555 269 616 964 48 979 65 567 8 556 149 24 258 136 704 30 512 702 9 188 389 604 191 772 890 512 539 418 523 625 694 787 786 913 945 934 608 763 945 161 547 341 318 289
74 627 329 124 146 941 359 313 800 757 532 196 170 880 243 450 332 736 891 100 259 721 786 973 154 275 850 439 881 636 548 253 667 338 248 156 138 893 173 206 180 221 905 962 798 176 408 679 17 487 967 49 972 713 219 122 642 312 845 165 358 435 105 783 996 835 456 230 914 522 675 759 95 144 272 995 762 752 770 618 718 278 31 612 195 407 739 316 630 429 938 753 866 102 480 984 245 534 769 921
64 304 924 60 111 427 573 664 42 6 614 459 565 120 534 10 969 567 751 403 376 211 894 215 187 658 659 761 24 739 217 890 179 746 958 622 692 482 320 188 490 170 847 318 211 317 384 219 705 903 75 65 935 877 727 766 324 572 524 777 207 84 737 45 508 774 871 686 221 708 894 158 829 953 903 346 753 713 49 281 211 482 678 810 107 462 876 91 53 339 140 173 630 405 586 799 163 66 178 562
520 812 855 186 860 611 642 700 464 32 230 47 929 247 580 258 588 865 354 68 701 318 303 648 530 67 873 379 805 259 702 170 190 647 359 753 729 97 430 133 956 560 686 491 850 404 281 762 791 856 655 799 709 582 662 231 286 639 757 2 787 82 6 894 444 277 811 146 833 570 584 988 857 212 489 661 368 874 109 832 996 393 390 659 383 598 739 597 734 537 349 422 724 49 145 433 653 851 130 700
262 234 354 305 84 527 74 741 153 17 152 29 473 25 502 998 902 80 868 64 275 407 201 231 280 664 910 602 660 529 10 259 110 204 637 535 312 773 939 722 950 796 371 899 252 964 524 664 900 357 304 268 621 800 334 798 304 26 234 340 581 386 864 159 638 709 729 912 794 514 213 620 957 442 306 252 605 698 131 209 611 80 330 45 517 247 797 302 329 876 367 159 56 250 412 17 65 330 735 705
633 885 160 488 748 689 116 191 403 97 779 684 631 441 129 779 5 154 974 124 314 951 226 774 859 323 68 451 52 647 165 676 287 558 727 469 464 615 290 349 723 980 58 248 193 215 75 848 58 528 264 508 726 842 790 11 536 319 34 138 589 633 882 301 945 27 482 11 772 967 933 885 811 745 791 880 705 611 766 904 125 329 656 899 10 252 187 625 695 923 802 699 148 241 918 36 825 170 624 863
46 234 501 930 98 278 875 8 700 324 944 563 452 576 459 81 837 405 584 690 893 242 480 731 351 586 551 778 734 566 741 512 80 671 642 740 378 146 596 219 587 609 168 283 812 260 14 295 527 502 868 676 282 889 185 939 606 924 997 129 483 924 344 83 47 697 560 382 759 339 55 77 453 668 187 636 763 968 587 821 244 242 492 336 225 293 731 699 171 618 676 930 312 184 615 129 185 350 340 970
86 308 16 420 575 638 619 173 428 513 132 293 205 826 100 688 173 908 751 175 336 922 424 577 464 866 20 67 261 537 161 653 218 963 6 116 165 904 411 503 25 528 574 245 289 185 770 350 278 543 840 568 459 451 659 933 670 32 256 122 378 249 485 899 195 366 489 934 866 329 909 461 18 276 162 858 465 440 923 533 614 126 749 475 605 263 348 420 861 17 101 309 931 435 215 145 381 866 154 250
360 6 147 12 64 193 717 420 597 327 284 52 847 569 95 341 493 871 405 260 473 624 937 621 248 144 642 955 793 110 410 447 380 644 789 395 721 506 503 11 882 727 792 92 277 8 947 763 562 771 228 489 128 988 264 293 888 560 10 514 361 120 411 210 606 608 33 843 837 161 20 802 522 883 424 744 520 676 991 74 265 935 601 447 208 927 439 772 622 992 851 768 61 172 325 683 451 773 712 812
396 265 521 180 135 539 684 518 650 249 189 929 206 646 578 586 213 825 903 537 811 421 220 122 643 404 416 9 812 432 700 104 553 139 535 962 391 774 901 910 967 217 265 309 31 210 223 684 352 850 568 487 477 814 861 625 601 361 384 10 648 216 31 815 353 702 330 608 826 72 672 342 261 245 970 280 384 253 974 19 738 10 424 713 557 819 895 377 856 452 947 769 280 319 179 832 808 445 5 270
463 106 901 435 826 159 249 340 733 866 269 228 221 779 101 292 670 232 220 607 634 14 614 940 537 700 200 412 255 407 325 267 737 905 817 834 214 491 513 740 841 899 54 146 274 130 395 453 809 103 882 719 147 254 72 829 132 546 652 432 964 400 61 285 644 847 429 417 810 797 768 288 572 342 470 701 786 565 427 469 444 805 155 306 642 207 303 411 30 538 613 297 994 892 180 153 711 37 254 707
109 280 1 213 445 827 298 992 421 570 23 563 581 124 972 597 576 115 565 843 995 309 129 606 936 905 253 970 996 723 61 271 698 925 818 802 863 256 564 377 221 370 265 702 750 499 653 138 564 420 664 460 788 376 994 393 608 592 956 336 796 681 353 94 313 656 246 114 905 226 925 507 877 171 979 693 189 949 364 514 635 842 134 754 178 378 169 264 111 938 461 819 275 425 982 722 554 843 645 566
286 261 852 281 805 515 140 746 922 732 764 156 693 852 156 116 169 588 179 428 213 295 555 444 157 121 320 462 992 591 16 257 593 126 132 314 438 571 564 133 991 480 321 594 983 632 928 324 408 974 294 714 863 2 675 226 511 213 642 190 229 887 608 247 92 903 299 170 826 947 601 139 476 999 74 370 847 875 609 138 482 265 547 133 200 502 490 949 214 515 843 534 403 19 911 460 337 302 815 518
697 186 549 802 859 3 760 425 644 680 9 192 529 933 939 444 773 991 758 15 206 810 125 126 682 453 526 173 379 220 337 9 245 85 698 123 217 192 468 796 768 241 664 231 467 451 906 518 803 548 678 720 179 928 890 300 415 575 280 605 557 92 170 238 154 296 355 264 360 261 266 586 618 663 436 403 570 758 205 236 348 160 513 775 530 665 809 759 26 669 696 343 769 747 939 394 407 954 244 108
607 680 322 728 32 537 6 326 83 373 660 333 215 767 607 225 975 187 423 757 619 616 605 317 484 635 90 178 424 645 321 533 501 687 551 710 98 921 291 773 509 502 908 598 732 227 881 625 846 857 240 697 482 656 25 364 205 963 809 108 419 22 560 782 285 726 261 240 991 464 997 816 230 790 182 729 641 309 109 969 990 47 450 268 710 164 274 638 438 290 840 113 650 703 877 303 517 702 995 362
999 237 639 928 394 769 631 937 257 877 993 36 571 605 660 380 250 258 485 530 630 655 142 73 223 703 719 320 418 704 916 533 63 275 296 595 685 837 422 19 835 347 885 178 883 491 698 215 562 953 614 522 505 757 664 937 100 536 437 989 419 817 29 525 415 843 808 476 995 42 304 289 862 613 987 101 458 264 42 310 594 306 510 259 807 552 897 830 114 425 968 498 779 154 312 573 186 220 536 455
685 731 572 853 918 324 177 527 679 292 629 712 123 497 467 761 563 693 100 904 876 909 743 370 229 186 274 580 805 480 176 689 564 526 797 144 598 363 278 904 316 622 659 621 559 158 920 355 693 777 662 135 823 126 422 494 996 674 773 577 338 264 201 831 92 38 225 817 161 24 980 756 887 700 594 592 439 206 616 324 133 481 819 308 776 463 657 465 915 580 561 867 600 62 830 678 437 303 898 995
11 404 334 169 203 422 344 82 6 16 958 43 972 907 498 647 649 182 494 413 344 250 994 189 687 302 871 508 874 341 212 717 180 518 768 588 474 730 603 54 575 250 928 257 224 135 423 651 670 263 231 456 373 386 55 328 923 653 36 421 196 115 230 67 482 235 255 632 471 849 575 432 660 170 861 16 189 390 380 982 768 905 824 401 114 780 149 48 942 801 572 834 410 343 910 671 51 218 509 991
809 506 206 81 218 486 972 325 951 161 635 961 251 773 392 326 577 831 426 192 161 868 166 949 971 765 892 753 875 225 242 432 935 258 488 740 706 183 78 809 561 443 877 447 313 507 299 840 326 606 79 678 167 571 248 946 38 124 100 428 645 780 217 44 817 875 505 160 393 10 771 826 635 141 254 42 437 718 249 176 509 988 582 733 528 798 447 559 612 450 323 988 927 363 88 401 936 898 690 539
275 537 444 274 667 1 316 956 519 578 685 148 136 732 16 41 640 775 300 807 943 304 534 236 229 235 249 899 184 233 34 164 352 771 478 523 280 150 962 25 121 256 358 590 799 208 983 287 345 170 72 281 467 886 64 736 644 596 292 579 118 603 758 929 375 337 568 485 227 940 620 957 696 207 282 732 634 722 607 610 300 528 663 856 563 937 513 419 614 146 802 70 290 659 118 198 77 138 371 664
103 176 853 515 994 348 329 273 627 747 568 80 195 720 213 414 407 46 360 198 849 285 791 407 584 464 167 461 685 685 108 692 424 597 661 489 563 861 759 59 12 85 991 214 984 415 512 393 211 741 393 890 945 819 465 810 204 57 402 548 425 899 158 796 936 118 57 134 623 100 552 106 529 24 518 531 460 558 134 65 730 136 597 427 727 896 262 858 142 63 765 928 706 181 271 754 579 2 16 241
427 817 478 456 248 300 916 599 497 852 829 830 602 1 188 140 511 792 307 232 606 572 588 237 327 665 334 829 617 563 786 226 304 717 965 146 597 197 199 836 495 748 552 214 643 345 349 402 881 341 296 887 511 510 90 979 353 335 710 88 48 544 446 983 100 365 739 488 714 957 323 421 944 589 941 463 543 395 318 546 101 376 253 376 7 253 603 334 590 554 479 445 208 163 56 596 818 60 642 748
502 321 893 932 13 777 252 217 786 470 178 136 370 84 899 543 557 385 888 392 421 370 160 418 806 766 588 852 367 263 402 810 8 759 637 164 292 408 803 147 691 988 958 743 683 283 235 123 148 488 699 998 122 857 357 124 643 542 406 717 865 91 494 329 577 216 61 27 219 525 656 649 66 36 859 254 250 709 240 663 796 5 645 950 809 653 160 878 8 420 893 567 129 839 598 386 774 352 364 286
675 206 346 447 530 149 227 284 509 967 413 343 69 974 898 408 149 98 958 590 676 714 358 811 764 171 335 142 914 239 825 137 903 593 53 43 646 472 844 495 62 665 814 957 736 73 713 669 583 270 86 422 808 385 482 300 502 969 70 865 82 420 549 547 843 849 248 798 530 482 931 943 949 469 708 412 978 872 209 121 293 576 851 120 268 972 938 575 233 619 441 591 662 988 109 514 462 981 9 156
721 206 928 969 831 774 996 705 798 795 223 857 253 696 604 700 406 428 560 887 394 383 315 105 499 865 264 383 681 992 442 348 160 392 872 951 32 712 266 68 420 963 481 694 111 779 297 169 598 372 293 284 176 637 551 850 486 556 89 360 602 199 39 652 750 651 935 133 950 490 751 866 506 490 771 248 654 419 404 487 471 273 140 856 755 307 924 637 927 939 808 586 748 575 498 603 387 191 734 110
196 878 988 129 367 837 291 415 765 696 305 630 993 925 511 704 149 58 785 473 743 14 767 155 803 921 123 22 761 537 555 550 367 974 537 729 209 896 696 553 24 662 705 556 113 847 605 556 812 518 955 467 441 911 576 227 710 921 125 110 706 931 381 5 356 222 40 662 915 864 871 552 419 253 441 250 205 463 14 194 446 304 955 321 50 886 397 869 849 143 387 302 274 630 319 37 830 364 844 130
782 336 754 488 597 999 473 953 779 370 103 304 514 601 693 506 538 429 277 440 211 809 21 628 523 479 392 118 21 23 423 103 323 844 883 237 37 872 255 297 147 241 116 606 166 944 502 741 591 956 580 627 102 391 947 715 49 393 965 75 957 515 121 712 833 114 572 964 959 810 977 501 295 345 84 318 20 508 886 419 775 798 271 996 699 996 123 900 98 460 305 169 63 288 177 831 205 949 317 120
543 702 941 219 297 730 282 679 143 362 87 105 945 27 771 68 954 645 563 970 762 192 518 945 284 11 859 435 595 378 350 557 890 15 296 954 186 876 973 296 382 63 963 146 -1 -1 -1 -1 -1 -1 -1 -1 -1 -1 -1 534 919 149 842 463 62 992 551 516 406 917 85 536 615 348 887 636 104 960 883 934 521 114 317 431 935 86 605 792 240 548 964 605 608 913 652 310 660 735 719 1 742 498 114 683
752 893 596 975 281 698 25 768 470 750 424 150 434 176 325 56 885 25 427 790 443 572 338 619 286 713 834 242 489 394 249 88 975 885 866 195 251 628 702 817 793 674 640 525 -1 -1 -1 -1 -1 -1 -1 -1 -1 -1 -1 486 731 832 833 354 951 615 414 592 407 493 241 345 686 263 357 865 144 46 232 850 669 108 98 697 607 467 827 141 26 899 868 621 11 162 820 154 611 833 463 149 428 164 500 770
747 181 1 897 101 432 307 702 133 109 825 90 88 126 477 487 850 139 458 60 605 648 243 842 124 798 334 164 835 752 878 382 27 257 1 497 66 939 326 613 897 930 962 255 -1 -1 -1 -1 -1 -1 -1 -1 -1 -1 -1 808 947 229 470 667 561 65 974 811 421 99 214 954 466 814 509 548 284 876 536 971 290 285 323 370 988 602 280 270 81 142 140 66 883 662 680 601 622 11 236 426 85 662 441 582
751 138 379 793 35 439 699 443 537 94 788 970 657 422 93 17 21 522 619 198 795 362 732 140 7 629 383 520 509 62 411 441 349 541 390 347 424 103 287 558 955 25 446 251 -1 -1 -1 -1 -1 -1 -1 -1 -1 -1 -1 919 363 967 280 395 566 803 930 231 636 815 222 317 753 641 567 66 465 407 202 464 543 882 182 497 9 626 429 422 785 522 37 921 61 37 489 216 673 224 533 587 140 890 425 664
892 329 224 356 42 824 907 898 122 622 889 622 219 462 312 425 899 628 857 840 351 913 620 939 611 196 941 647 948 971 71 510 867 514 416 892 957 714 372 748 728 508 958 380 -1 -1 -1 -1 -1 -1 -1 -1 -1 -1 -1 440 786 574 504 882 921 953 917 641 51 127 541 509 432 694 492 310 388 436 118 825 725 271 57 236 235 502 402 934 821 423 363 482 824 522 146 109 185 526 228 430 702 123 139 950
542 141 745 924 945 42 783 492 397 917 251 703 805 934 542 444 767 1000 101 62 347 458 927 813 351 836 403 384 374 28 860 560 838 971 311 270 146 513 884 159 696 784 988 367 -1 -1 -1 -1 -1 -1 -1 -1 -1 -1 -1 779 544 397 736 919 272 815 630 448 281 382 44 541 792 747 566 822 177 192 835 755 734 342 129 351 653 807 215 428 150 24 834 841 613 249 91 241 564 792 632 318 955 355 961 230
486 253 242 197 265 453 458 86 18 210 991 189 575 810 706 936 33 138 336 439 239 527 776 756 380 669 254 218 763 517 737 616 609 490 201 15 563 171 69 778 377 959 867 309 -1 -1 -1 -1 -1 -1 -1 -1 -1 -1 -1 290 233 126 219 469 544 385 601 616 444 433 758 429 818 961 518 265 874 731 899 163 839 93 357 492 674 755 279 451 55 971 503 896 419 892 916 276 389 440 126 966 244 196 322 337
884 371 315 372 136 639 526 667 628 349 462 538 945 80 512 728 368 184 829 731 612 945 681 299 851 469 752 547 94 508 637 457 191 483 621 209 75 740 676 813 264 749 471 336 -1 -1 -1 -1 -1 -1 -1 -1 -1 -1 -1 374 821 859 771 214 101 289 603 546 194 278 597 378 692 951 613 733 103 70 455 562 299 970 972 715 701 944 487 417 349 345 122 900 496 820 86 385 248 285 705 257 810 710 737 783
401 668 331 135 110 88 616 200 521 475 546 483 315 709 258 244 863 679 57 955 101 902 813 3 337 745 808 181 495 383 467 652 994 246 34 411 28 361 441 485 407 224 815 821 -1 -1 -1 -1 -1 -1 -1 -1 -1 -1 -1 -1 76 609 173 890 408 653 118 720 65 496 854 691 755 224 269 762 536 122 58 88 171 943 790 640 378 483 441 306 230 872 713 708 38 259 303 596 273 221 715 877 860 957 993 80
106 868 121 403 842 163 288 477 154 768 104 914 480 14 194 329 463 203 322 372 461 503 830 981 334 302 891 897 89 935 854 500 746 780 266 510 328 891 390 693 408 892 681 35 -1 -1 -1 -1 -1 -1 -1 -1 -1 -1 -1 -1 528 321 521 772 584 993 441 741 562 573 630 654 370 417 862 193 846 476 52 544 814 472 677 231 10 682 204 537 633 980 249 830 224 513 518 115 648 329 43 555 564 206 588 341
644 48 582 936 787 436 692 311 332 665 361 947 953 116 344 448 409 48 716 209 386 451 775 183 590 352 971 825 318 423 129 479 884 593 599 49 124 928 327 772 677 381 436 991 -1 -1 -1 -1 -1 -1 -1 -1 -1 -1 -1 -1 146 259 180 529 236 227 711 294 14 88 385 975 188 67 554 633 927 890 593 214 342 67 397 467 237 306 396 979 52 983 204 501 58 75 535 626 538 748 803 9 590 975 338 479
641 970 615 140 64 192 986 448 170 546 248 886 503 157 330 695 509 959 32 589 858 407 106 24 921 108 858 968 748 955 153 514 546 155 191 855 361 539 262 681 533 215 993 951 449 320 45 125 186 524 26 73 77 170 867 735 349 653 386 96 924 638 815 125 556 478 308 428 573 613 742 639 55 60 2 48 306 327 799 358 872 591 56 258 617 899 19 883 599 896 869 670 482 558 688 482 982 877 782 307
875 106 171 928 597 333 575 31 599 258 314 165 404 86 376 530 943 191 974 8 81 144 160 590 995 605 767 128 37 548 154 726 454 68 412 627 574 17 70 160 690 552 101 280 47 584 640 445 860 604 832 775 202 395 73 685 415 165 900 297 687 992 190 378 219 753 647 562 299 230 626 239 830 175 496 632 549 961 638 225 179 757 495 781 479 656 916 501 523 787 58 929 455 174 868 244 897 880 242 309
816 745 496 455 638 574 247 805 206 782 587 743 532 5 899 59 945 299 707 485 384 10 727 877 433 769 646 34 67 777 536 359 923 54 35 221 338 448 107 529 375 962 736 522 215 887 385 82 736 880 572 802 908 976 226 580 400 8 608 983 874 911 843 97 709 699 435 63 394 850 681 725 75 285 465 333 604 84 645 132 971 581 96 935 994 326 605 296 539 589 808 252 242 222 836 414 169 350 397 897
629 420 826 51 868 606 262 513 773 190 120 371 125 521 936 248 903 177 309 532 58 684 127 834 513 523 201 593 335 452 98 403 716 532 45 433 442 334 646 66 549 486 164 492 458 608 665 198 88 773 913 412 864 671 282 733 681 203 376 698 848 899 399 819 675 170 565 921 447 402 454 493 173 7 969 437 131 983 240 50 699 432 472 300 526 206 633 660 897 67 7 251 183 159 929 705 911 67 512 817
317 669 316 150 689 645 389 787 711 185 57 107 998 30 237 530 459 801 351 595 354 627 444 665 176 283 492 342 747 596 740 259 411 657 819 367 405 822 623 411 854 870 901 965 172 476 745 269 974 296 458 390 232 93 569 43 983 867 872 213 934 804 939 19 643 634 675 356 557 820 539 886 959 500 393 631 668 606 670 978 23 584 717 499 867 838 329 67 994 586 699 157 227 930 107 168 798 313 253 302
670 696 418 214 325 495 770 317 775 984 525 74 772 611 232 575 523 94 195 212 427 111 197 297 878 695 288 630 948 754 846 541 109 302 987 295 360 937 180 474 309 438 467 902 715 813 669 109 423 133 308 381 802 712 46 983 112 960 709 559 705 111 520 938 175 812 764 411 478 50 505 803 709 821 959 136 41 407 922 586 749 981 462 454 131 304 393 800 261 111 618 455 716 748 456 93 336 44 821 207
117 544 228 154 273 79 300 191 777 583 155 312 716 143 537 309 170 768 223 504 321 601 634 852 562 375 272 966 60 953 9 291 584 475 783 179 893 881 918 357 173 606 565 420 680 108 324 420 153 810 393 179 137 517 780 192 693 336 613 106 879 592 797 375 325 293 163 850 999 94 196 843 700 213 113 241 235 639 44 894 623 875 205 558 286 63 119 453 430 958 825 264 960 852 232 31 505 676 76 514
291 966 306 933 134 59 770 264 904 766 166 556 827 627 460 145 424 802 285 260 155 425 397 153 585 160 86 401 544 325 968 988 800 331 885 361 863 808 870 166 276 664 637 291 252 211 7 41 578 539 606 110 901 754 724 873 802 745 194 192 779 460 847 761 617 20 656 773 424 571 283 280 640 406 593 667 5 496 525 381 579 505 670 705 560 262 372 28 545 5 71 707 441 895 780 973 910 382 249 973
815 325 488 474 301 656 39 977 853 273 378 755 39 89 388 686 913 507 607 849 189 801 943 94 149 59 271 883 794 923 931 547 833 653 70 704 843 207 544 44 988 218 245 640 678 356 243 314 301 251 596 863 295 329 169 213 393 253 482 430 559 228 778 54 569 211 448 657 757 245 908 504 512 502 976 763 622 508 557 938 685 732 310 330 299 661 761 514 261 297 764 662 384 433 73 723 20 241 180 194
766 540 561 935 838 397 514 79 440 121 307 822 512 240 955 578 945 723 292 875 397 15 126 407 182 418 71 633 532 108 466 719 607 769 495 565 890 723 489 559 684 983 483 158 963 940 912 730 392 623 726 537 777 373 153 214 795 410 129 348 644 946 367 516 665 564 22 2 972 23 978 362 851 232 284 81 119 958 591 495 447 138 887 163 547 514 801 907 226 175 218 411 554 210 235 523 816 946 930 534
942 470 447 236 612 429 926 622 188 912 951 800 124 917 577 54 669 658 837 382 312 485 365 561 367 41 48 925 433 468 572 782 392 927 154 557 27 818 197 466 726 758 632 71 676 548 270 399 956 242 972 958 581 638 989 275 98 409 431 332 141 54 38 426 823 466 65 78 190 29 283 799 402 229 325 499 671 837 125 866 592 515 475 964 67 372 462 794 60 347 94 999 897 307 316 633 962 287 368 411
729 298 211 981 148 485 212 152 67 886 493 180 949 409 251 195 50 582 280 209 972 457 584 174 87 971 613 346 183 480 479 689 217 758 982 546 200 931 41 561 43 896 368 953 788 11 425 638 322 951 548 901 348 991 676 603 419 996 928 582 23 629 257 186 916 117 43 613 47 946 220 444 492 417 750 653 553 138 527 152 470 426 532 759 410 1000 482 82 648 187 149 26 964 16 928 306 282 995 167 507
45 3 966 963 429 365 501 523 854 304 523 164 389 529 351 543 33 8 339 4 714 283 142 330 595 461 129 271 834 398 141 105 664 822 597 372 125 897 146 96 297 24 10 290 500 852 194 294 994 385 320 63 593 561 184 510 422 412 314 182 680 255 519 567 997 883 100 290 869 934 108 817 479 960 921 14 126 418 120 644 784 454 116 790 334 90 73 75 208 657 728 829 357 590 322 217 670 287 36 192
135 742 115 265 60 442 805 667 213 928 300 368 505 411 529 14 184 565 32 794 913 628 901 375 448 598 574 616 595 16 282 103 760 767 755 977 782 240 220 188 367 652 69 389 934 21 22 120 520 424 948 336 805 293 87 30 969 122 254 529 595 472 463 198 958 375 330 168 782 871 647 153 54 84 542 920 483 146 618 134 165 273 213 733 98 17 779 333 662 273 146 203 227 196 864 371 813 513 44 88
523 726 459 514 414 659 769 554 537 94 555 522 340 707 384 683 193 687 95 736 890 804 59 948 849 255 120 92 336 608 742 242 476 937 621 999 171 290 983 181 503 574 331 854 335 359 531 421 219 78 687 295 159 52 353 489 998 761 57 282 191 883 610 826 37 864 477 635 114 807 629 22 29 13 404 485 529 351 747 332 927 695 565 473 464 275 3 498 978 268 601 770 823 854 423 679 578 24 562 477
963 6 815 683 173 532 636 426 657 810 934 205 363 517 443 297 778 130 654 66 79 159 659 553 10 1 179 393 958 400 575 999 352 928 692 749 841 459 599 119 28 299 10 455 34 734 705 368 585 88 220 830 779 140 894 797 42 405 597 927 864 64 634 50 531 765 898 490 880 983 446 660 416 720 341 364 768 722 740 39 220 796 630 210 961 550 102 226 395 812 820 277 586 811 90 217 748 961 383 660
761 827 39 616 863 986 961 723 174 144 222 893 69 850 853 240 167 919 937 895 152 568 106 227 718 925 716 909 543 597 876 707 163 449 701 948 154 59 695 636 121 350 646 644 678 713 490 141 136 801 13 714 412 376 156 145 322 69 668 17 839 628 54 315 885 495 860 546 154 412 228 765 149 371 812 98 354 582 799 491 117 161 380 452 64 904 178 723 855 957 880 753 818 798 392 907 781 374 719 378
178 35 387 586 87 842 205 224 907 556 266 836 939 692 261 586 916 166 21 784 678 512 686 709 660 540 683 125 201 728 354 347 675 965 956 452 561 404 768 665 308 686 594 288 242 749 856 728 269 716 324 689 233 762 631 201 165 395 922 467 988 616 179 553 980 638 77 420 798 862 856 18 990 93 943 257 540 378 418 848 646 752 684 632 535 110 19 538 478 653 705 231 134 950 701 238 4 90 294 195
270 180 845 220 223 47 633 694 752 519 371 958 674 480 648 152 192 61 577 747 374 768 230 71 63 304 981 463 241 252 692 530 865 72 371 860 615 489 966 654 994 85 964 993 75 974 519 250 301 784 456 281 61 76 708 672 699 102 392 610 912 564 92 393 578 128 61 364 940 967 396 888 850 90 662 128 894 286 503 266 309 612 875 823 945 985 438 924 895 624 461 927 820 475 805 846 970 146 786 840
246 240 320 374 613 873 676 6 178 552 383 978 603 798 485 935 643 91 595 444 642 752 3 586 405 939 62 868 227 74 655 447 696 663 207 707 489 318 902 55 862 439 916 663 14 9 269 716 180 306 256 592 841 590 105 949 82 543 229 735 627 765 294 695 204 391 592 346 162 897 99 747 825 574 105 789 938 335 839 302 378 664 143 416 432 222 194 244 887 87 743 844 296 434 994 369 806 89 994 599
406 8 182 411 249 543 968 473 397 904 212 826 508 959 749 898 411 733 862 991 627 762 344 172 798 701 317 785 41 466 862 522 138 883 421 315 610 279 893 427 916 158 144 307 114 481 742 626 633 666 327 318 744 60 654 469 359 158 360 221 670 20 691 248 269 382 330 452 163 541 96 74 273 875 45 988 809 796 370 227 568 485 658 833 278 662 198 130 772 603 743 420 97 58 623 262 96 587 940 149
946 175 48 73 664 782 691 820 108 710 247 738 512 743 802 299 90 450 700 2 418 107 854 176 731 697 292 269 246 913 286 611 789 178 975 877 410 634 327 797 948 836 803 985 627 268 407 96 302 790 297 534 651 599 207 797 54 948 380 285 758 683 558 502 52 679 988 564 149 785 278 851 498 188 140 652 277 352 301 489 93 500 178 361 371 196 50 181 373 257 176 373 987 524 121 764 750 989 708 742
49 66 863 803 270 161 103 933 676 13 382 975 183 543 627 217 418 905 963 56 650 987 911 564 300 782 212 51 926 786 81 379 37 254 735 189 713 610 455 784 403 732 76 502 798 968 407 209 609 845 251 541 395 62 267 614 846 445 801 277 632 302 482 239 919 827 151 934 844 476 942 52 490 129 833 373 415 771 797 554 695 411 520 865 946 123 480 725 308 654 966 715 489 812 70 628 300 935 802 831
817 302 328 954 453 512 644 482 159 389 25 594 904 248 637 447 357 461 37 234 249 325 751 31 119 159 407 227 977 856 361 63 614 383 113 841 716 13 274 987 661 269 583 164 386 959 91 438 533 218 573 129 341 569 384 550 982 752 777 511 895 863 634 62 999 327 150 932 618 940 21 124 680 58 867 791 911 675 164 362 746 90 330 734 735 774 106 141 853 189 703 443 314 18 556 345 570 112 506 988
163 56 203 995 7 331 421 831 235 965 840 873 885 646 111 233 501 997 46 68 717 262 421 65 488 899 639 550 762 176 99 947 488 29 336 951 538 869 7 250 48 435 338 319 631 844 462 406 49 470 179 913 277 882 186 541 404 950 46 707 916 902 623 751 657 867 148 752 537 860 680 241 375 292 263 784 28 948 161 333 321 214 290 32 42 681 708 483 227 784 916 269 843 739 143 23 890 419 720 291
685 866 815 717 444 788 492 357 507 753 513 88 896 814 222 169 445 113 102 108 909 375 999 353 465 488 746 581 434 492 557 522 425 388 590 239 199 149 5 91 517 278 428 562 960 942 709 238 137 788 490 968 420 415 899 448 407 672 275 691 557 285 683 435 275 696 107 667 43 528 678 155 103 87 701 610 528 957 46 11 263 612 653 504 620 558 5 813 208 654 776 168 774 770 436 906 640 709 644 182
888 642 503 738 597 726 449 951 590 52 294 968 777 6 343 982 586 353 158 7 490 47 59 815 106 640 594 568 916 731 400 712 546 381 532 180 340 996 109 703 414 290 33 743 359 117 686 209 536 316 308 958 339 76 635 813 334 499 450 163 206 181 921 256 48 382 385 36 884 494 824 154 307 587 250 939 124 499 677 37 618 353 13 451 378 772 184 631 494 145 358 432 453 536 358 897 255 582 315 971
476 613 328 289 236 152 148 75 864 783 848 115 978 106 442 584 563 991 418 376 658 528 329 495 862 14 605 440 343 692 381 160 708 822 708 271 879 481 558 753 969 423 459 361 974 970 497 43 492 175 356 441 576 246 225 473 274 776 764 525 641 753 734 789 466 135 571 201 252 746 106 450 735 253 182 633 511 381 445 73 163 664 830 978 132 56 311 338 422 468 375 948 232 730 583 825 742 537 1000 452
365 729 667 933 130 319 916 298 966 26 123 373 889 55 370 491 824 158 369 137 281 506 983 186 969 197 954 702 1 210 381 281 695 71 261 113 395 648 98 57 925 639 677 326 638 826 26 666 477 285 159 727 459 10 228 486 98 814 973 120 226 926 884 660 213 881 203 578 581 366 688 575 298 777 218 90 481 211 757 126 282 287 770 905 498 656 609 47 319 195 464 818 68 487 984 579 809 430 399 839
742 589 130 333 125 35 866 146 257 818 378 364 75 795 285 282 349 101 256 38 741 242 264 527 657 177 749 899 727 546 420 626 309 374 177 296 605 79 104 855 879 461 698 329 521 740 333 221 161 547 621 976 207 958 954 975 828 711 42 114 255 369 672 756 938 734 876 482 799 203 261 673 785 601 316 499 136 774 931 27 68 508 590 352 902 744 602 555 158 746 503 1000 793 757 246 774 752 658 893 840
315 324 789 821 866 980 304 845 218 949 510 760 242 100 975 24 389 696 767 533 385 855 135 958 36 998 248 176 519 746 660 720 587 187 71 117 349 687 60 94 20 142 878 740 466 434 593 897 872 353 881 368 46 214 474 150 362 732 488 986 567 780 232 32 225 897 807 276 846 778 955 5 728 551 71 215 785 983 228 494 535 194 261 928 297 330 106 896 370 48 762 68 443 708 310 893 921 57 389 475
463 213 615 333 292 822 986 738 136 827 796 49 335 120 201 575 680 200 729 157 102 764 105 976 303 448 230 396 332 434 420 800 700 996 711 1 38 584 459 820 754 516 81 815 825 968 900 632 766 876 370 566 597 269 374 656 491 978 85 756 749 602 223 129 645 2 448 88 770 189 191 599 440 275 943 855 319 814 156 343 440 633 352 329 861 307 390 284 666 49 173 660 680 323 828 785 350 896 507 840
435 580 478 256 75 302 274 809 793 717 966 116 981 747 47 164 836 67 390 499 950 975 237 862 804 714 641 761 301 407 157 240 170 851 692 846 307 203 917 764 537 376 223 956 852 39 694 959 287 598 470 394 410 484 478 416 759 311 567 348 880 836 70 749 911 186 903 239 455 232 180 631 530 33 29 79 490 140 616 403 317 312 131 547 796 655 808 770 523 334 315 961 244 214 269 510 17 866 132 82
194 109 751 993 142 999 821 147 255 441 612 243 159 365 212 542 800 683 175 889 471 969 203 169 393 276 671 365 119 702 173 61 737 797 118 293 105 530 326 874 133 19 785 452 52 395 342 110 837 280 684 915 28 943 954 850 662 100 387 756 239 654 697 196 986 353 408 383 960 452 70 805 468 541 362 47 582 410 19 914 862 322 154 524 731 779 122 910 317 207 799 48 141 993 211 11 794 478 647 737
495 328 940 656 847 424 597 941 311 380 321 644 104 143 813 728 522 136 352 537 998 900 39 98 492 484 507 421 143 212 650 530 502 194 812 628 341 226 609 20 272 599 418 355 905 588 877 345 735 91 206 995 499 429 595 636 919 579 176 730 918 44 595 901 610 32 849 140 419 765 170 648 364 736 472 52 155 829 311 741 825 562 456 46 168 984 439 679 923 44 159 852 303 390 860 82 524 54 99 51
670 324 565 132 946 74 364 362 835 102 109 563 270 542 810 8 112 151 748 960 943 750 771 383 158 622 56 986 766 201 700 139 802 501 46 207 975 786 4 290 955 33 982 162 925 335 63 354 726 763 445 369 214 709 459 20 633 441 573 271 754 515 995 58 841 860 849 274 402 156 494 654 334 809 75 973 285 743 399 972 875 714 208 757 483 337 300 53 841 476 665 925 271 337 387 33 747 986 851 385
85 657 266 496 200 565 549 171 879 90 567 532 70 435 906 415 798 599 99 426 914 983 751 542 321 533 163 510 916 243 471 683 612 14 864 77 153 732 496 283 94 884 791 6 636 813 663 731 988 1 715 255 363 707 896 936 784 582 984 362 832 64 724 918 732 695 952 586 129 242 444 652 210 91 264 304 490 532 768 469 406 591 242 722 953 626 180 935 639 338 898 313 39 371 859 866 48 515 669 86
337 719 516 207 368 488 563 732 119 447 374 85 209 383 102 495 468 66 958 614 813 967 562 168 436 217 865 43 483 305 575 305 204 964 886 16 534 537 190 892 103 454 970 695 569 556 549 274 838 441 53 509 37 574 950 572 882 881 442 3 944 4 319 573 522 574 145 159 899 681 786 723 986 420 375 899 946 635 956 827 208 557 602 523 269 805 144 156 383 804 951 946 595 5 364 897 228 35 635 758
222 965 383 672 356 86 48 855 184 129 722 916 382 933 701 259 621 616 107 69 969 151 311 932 644 240 686 164 669 355 477 1000 81 351 855 343 933 330 617 88 851 888 815 796 204 256 353 451 518 611 401 738 46 790 7 43 472 881 840 948 309 17 19 604 126 467 925 644 135 489 933 538 374 138 811 132 236 533 406 578 748 126 380 788 99 316 687 622 911 521 156 529 988 347 742 940 612 836 597 122
708 432 905 259 665 604 75 388 917 893 783 7 177 393 411 112 785 296 13 798 464 873 707 815 193 342 217 290 512 906 20 180 529 342 438 727 931 975 442 95 342 834 594 325 474 235 639 440 426 315 577 33 41 137 648 287 898 508 130 12 470 974 461 342 10 819 902 585 959 83 395 723 182 38 526 216 434 590 795 136 8 674 324 280 325 176 363 381 343 155 879 62 806 102 50 483 635 1000 158 984
573 755 551 130 289 895 879 242 374 868 456 385 318 929 255 227 83 113 691 271 901 817 80 400 166 902 472 204 86 959 628 698 976 588 157 633 150 95 247 447 361 81 311 919 764 248 70 950 26 504 612 159 333 312 121 13 233 846 864 417 745 556 926 564 522 885 723 119 205 107 574 530 434 122 271 401 410 338 288 413 892 504 477 393 35 383 372 132 582 853 278 63 873 648 816 254 59 26 427 578
239 765 354 87 208 468 815 106 351 321 25 231 906 788 23 887 61 320 113 535 666 556 458 69 292 937 101 480 140 95 806 516 138 649 731 572 926 470 794 521 447 42 684 211 819 718 730 271 704 244 294 897 377 158 910 778 533 752 956 372 757 51 41 236 917 436 99 935 932 262 147 377 815 28 948 708 98 482 114 861 40 238 463 132 782 945 315 907 610 739 516 431 825 142 820 22 505 18 492 698
693 26 818 540 681 997 736 20 817 538 267 614 3 454 513 283 681 709 524 531 359 584 243 481 548 691 111 318 870 669 986 385 865 329 693 501 418 261 287 283 871 776 549 481 602 33 15 586 663 749 320 624 323 441 65 864 63 657 831 61 460 696 627 871 735 193 329 661 39 221 4 152 622 814 896 97 413 978 608 582 412 220 250 17 313 583 977 1 631 172 819 453 290 662 187 253 912 787 351 384
637 65 947 982 384 416 240 974 429 676 458 72 450 152 219 274 364 259 614 311 708 772 556 86 768 775 245 81 236 232 56 201 560 710 111 897 923 634 204 553 415 73 624 141 399 815 422 918 247 957 515 199 995 485 209 107 554 804 115 926 555 169 899 866 169 460 682 597 739 144 456 95 727 180 572 328 807 39 654 402 532 492 523 68 258 894 368 680 668 228 19 134 578 15 110 921 144 898 533 624