572 294 425 790 432 36 345 995 722 137 777 18 68 158 476 975 265 668 105 127 168 424 284 903 406 555 556 322 216 13 933 137 793 155 71 816 841 479 326 127 47 311 691 694 920 88 3 204 545 12 423 634 417 577 740 859 746 845 35 191
270 890 924 283 651 327 216 774 865 445 702 297 43 223 631 415 473 847 840 397 484 550 435 486 948 954 577 575 151 505 199 996 869 934 398 730 234 674 207 446 260 244 470 798 734 668 830 567 573 20 494 919 688 792 995 596 669 552 174 682
349 763 162 278 101 264 307 520 340 612 190 24 574 519 256 96 501 822 507 962 994 840 913 379 921 42 438 751 188 119 587 965 940 668 631 404 319 932 625 654 822 192 244 44 550 281 34 2 914 176 524 917 7 518 952 554 208 423 612 687
127 422 16 27 251 421 464 817 518 900 988 339 933 356 587 491 596 248 851 918 941 644 224 720 70 860 885 885 420 101 310 117 119 314 876 87 581 907 962 249 683 913 537 311 681 964 279 210 998 560 397 595 636 69 560 977 596 117 857 172
423 290 179 517 229 448 563 374 597 817 553 209 781 492 28 421 527 108 945 175 365 296 900 53 533 773 123 681 32 909 868 911 943 311 828 266 39 561 490 827 447 84 844 436 143 919 336 228 515 47 501 380 920 517 619 778 975 872 499 720
880 886 301 381 576 475 870 85 890 408 669 514 50 768 852 784 576 925 572 251 987 863 487 746 224 389 358 264 976 259 942 328 541 509 996 821 733 403 15 416 59 669 901 118 362 521 184 16 339 506 146 852 329 619 687 463 343 395 743 869
600 766 801 19 929 290 988 672 370 377 847 191 132 20 795 42 235 736 179 921 381 293 155 761 737 6 571 708 243 508 763 224 492 312 102 146 649 200 930 220 642 924 103 709 254 537 77 80 957 397 779 656 814 4 116 647 783 813 46 80
548 921 295 982 297 367 696 336 997 680 479 632 795 772 425 682 980 662 686 392 295 502 422 867 687 375 710 154 164 963 982 352 172 676 144 714 251 549 899 111 953 360 946 40 75 537 735 929 452 66 547 993 646 245 259 512 653 771 608 118
671 990 948 167 342 420 704 180 674 413 223 102 819 461 207 468 338 740 443 766 241 385 295 409 716 909 105 274 873 957 558 557 623 620 580 693 752 776 823 101 281 110 616 654 721 280 795 642 784 502 40 280 192 530 565 11 854 817 22 252
853 31 627 11 122 772 193 383 466 968 752 480 298 417 911 237 674 766 593 486 175 904 356 231 274 991 803 824 898 130 976 955 146 42 571 629 400 581 639 824 564 416 233 735 368 621 869 314 852 841 5 771 90 355 163 488 999 619 186 477
874 422 550 748 539 547 696 36 182 603 955 287 342 847 607 109 389 258 140 398 474 389 840 872 224 957 618 392 803 838 646 233 501 335 982 576 460 303 46 413 200 488 553 655 203 706 495 697 300 125 992 331 15 403 46 364 241 914 49 481
867 393 533 427 729 23 443 730 560 341 529 599 604 127 556 798 186 416 576 225 453 111 63 121 897 231 247 826 340 729 503 377 21 820 360 818 385 973 402 579 740 930 914 337 612 546 242 498 619 344 147 165 379 222 298 157 802 70 215 426
145 476 467 349 786 685 314 546 158 733 405 90 2 93 81 94 530 886 253 401 287 410 474 185 694 584 91 530 468 644 961 791 16 950 432 23 945 298 771 9 97 304 622 90 760 113 526 504 896 734 46 57 903 979 582 815 222 341 550 253
208 531 488 25 240 647 491 409 405 840 575 553 383 245 820 326 972 359 15 922 573 200 496 703 540 62 737 36 79 19 97 562 974 362 636 112 885 147 517 599 269 37 971 526 506 406 13 120 777 263 809 413 538 762 228 984 780 15 521 796
24 44 422 911 365 200 777 387 991 874 44 18 687 935 232 602 365 356 934 59 565 792 294 208 64 354 263 145 193 82 360 380 860 802 588 800 371 223 32 788 605 868 666 713 339 101 265 194 251 455 564 609 605 475 780 290 792 342 180 78
120 176 904 418 864 724 888 125 598 875 549 748 871 451 453 69 400 325 638 298 484 744 7 62 832 419 163 189 346 761 517 871 620 626 901 475 893 288 948 493 152 223 78 620 211 499 442 867 107 429 598 994 785 311 171 361 346 885 605 537
762 934 33 742 754 293 407 493 35 448 320 573 578 521 412 489 656 42 340 565 506 363 875 864 683 940 532 929 636 802 376 871 573 844 312 654 18 488 514 836 605 519 774 457 95 513 119 607 447 795 705 915 522 868 835 255 57 920 482 510
109 415 957 267 719 692 71 370 814 669 827 89 61 940 129 869 643 315 961 626 683 130 763 392 188 313 955 716 766 378 678 319 284 109 245 389 765 365 934 226 674 13 270 973 530 701 366 62 325 339 816 408 837 124 696 478 634 43 842 705
208 380 377 159 724 659 196 552 493 166 147 105 916 186 646 57 344 107 745 54 268 6 863 666 510 622 628 989 396 60 348 304 214 373 25 434 167 308 138 244 836 759 628 142 644 213 779 449 938 259 224 263 250 288 501 947 35 466 582 932
414 76 410 675 36 897 426 113 179 365 175 752 762 769 251 296 936 72 76 607 275 240 552 573 719 730 907 61 221 397 275 826 780 963 73 93 493 871 489 835 995 680 622 702 928 293 646 950 815 781 751 676 206 918 383 268 156 942 217 331
925 548 271 512 627 288 549 495 959 457 905 437 705 450 87 678 637 254 999 28 543 104 18 485 238 418 648 143 228 332 111 399 200 879 507 294 682 656 31 587 194 397 205 13 259 886 867 486 159 13 88 235 165 363 822 114 187 397 661 471
342 464 840 957 684 687 937 950 453 344 14 35 4 873 400 756 1 903 383 178 518 960 854 636 801 390 226 333 886 845 13 534 708 285 171 307 586 129 113 401 203 371 447 703 216 580 83 819 639 247 646 964 432 931 242 18 587 182 307 554
847 308 416 20 482 878 177 285 477 558 361 188 482 39 336 252 896 451 705 935 256 776 306 6 952 279 756 554 39 165 634 7 201 952 291 664 626 257 591 855 762 702 906 177 767 559 920 794 327 816 591 10 762 243 660 584 753 643 735 39
219 206 439 72 595 425 225 197 23 121 816 436 422 749 840 114 591 887 459 9 341 649 766 856 812 331 299 182 223 969 717 138 71 802 9 130 -1 690 842 537 881 787 257 808 200 134 530 164 200 422 153 662 695 314 617 94 785 76 384 218
228 545 744 2 299 409 268 430 317 823 108 368 288 475 861 915 457 933 845 965 547 614 355 -1 -1 -1 -1 -1 -1 -1 -1 -1 -1 -1 -1 -1 -1 108 422 963 7 116 190 879 965 645 356 605 870 368 576 864 798 12 523 905 519 83 546 338
588 211 461 685 339 636 591 106 863 663 147 912 806 557 843 157 902 999 376 559 201 371 901 -1 -1 -1 -1 -1 -1 -1 -1 -1 -1 -1 -1 -1 -1 642 724 523 323 238 777 87 25 687 71 415 511 866 15 959 747 712 305 487 689 60 787 393
533 239 183 739 52 474 12 305 734 576 136 62 777 128 84 76 797 271 509 806 222 875 550 -1 -1 -1 -1 -1 -1 -1 -1 -1 -1 -1 -1 -1 -1 586 950 856 484 177 67 786 73 179 106 474 404 295 624 426 921 404 511 259 773 867 438 503
772 772 430 164 436 378 239 61 889 366 986 442 265 657 62 445 576 990 823 94 770 186 638 -1 -1 -1 -1 -1 -1 -1 -1 -1 -1 -1 -1 -1 -1 603 281 296 878 221 804 677 51 62 650 634 127 453 934 749 55 341 248 384 332 387 326 470
270 86 565 730 502 921 460 831 238 594 854 961 352 402 284 697 881 73 811 414 476 152 33 -1 -1 -1 -1 -1 -1 -1 -1 -1 -1 -1 -1 -1 -1 28 818 286 752 796 859 163 641 349 879 955 807 558 390 294 529 623 880 55 769 71 320 286
481 60 124 710 848 667 601 234 668 539 153 828 859 215 647 676 648 248 169 801 361 18 485 -1 -1 -1 -1 -1 -1 -1 -1 -1 -1 -1 -1 -1 -1 98 155 594 2 624 335 785 246 290 409 762 921 679 580 118 769 243 729 99 397 429 786 946
742 899 394 246 381 270 17 843 466 107 240 459 205 983 469 380 808 569 612 335 761 46 252 -1 -1 -1 -1 -1 -1 -1 -1 -1 -1 -1 -1 -1 -1 855 750 687 647 505 141 168 689 851 314 990 893 249 560 743 601 284 283 371 241 925 676 436
868 288 10 199 8 45 913 339 923 198 284 720 31 976 319 656 821 958 573 938 709 816 995 -1 -1 -1 -1 -1 -1 -1 -1 -1 -1 -1 -1 -1 -1 822 655 585 135 173 574 494 838 861 278 811 551 240 761 331 79 404 678 675 432 531 95 722
482 387 913 347 621 205 838 753 663 945 249 474 834 155 63 685 20 791 975 701 701 862 729 -1 -1 -1 -1 -1 -1 -1 -1 -1 -1 -1 -1 -1 -1 465 656 363 894 943 856 426 614 891 88 771 211 964 155 625 203 492 323 173 643 625 24 156
859 22 162 534 573 309 966 954 380 719 716 313 674 129 312 719 577 258 437 993 869 562 226 -1 -1 -1 -1 -1 -1 -1 -1 -1 -1 -1 -1 -1 -1 566 144 277 797 530 307 203 568 284 652 627 565 553 886 594 282 831 742 317 793 574 315 612
723 527 99 501 91 276 506 787 615 505 854 891 601 526 996 750 716 864 750 239 418 522 37 -1 -1 -1 -1 -1 -1 -1 -1 -1 -1 -1 -1 -1 -1 567 906 78 156 143 983 998 690 806 961 472 802 657 125 891 399 322 349 852 742 656 976 160
545 738 408 817 936 584 696 271 592 308 690 702 174 85 167 630 699 724 758 659 335 298 190 -1 -1 -1 -1 -1 -1 -1 -1 -1 -1 -1 -1 -1 -1 648 608 799 665 272 711 5 564 233 392 392 746 59 968 734 985 108 624 449 834 531 934 959
748 715 784 408 600 895 161 519 561 540 626 255 204 551 95 115 763 631 455 984 841 777 906 -1 -1 -1 -1 -1 -1 -1 -1 -1 -1 -1 -1 -1 -1 565 992 812 783 706 431 104 786 64 897 863 441 676 795 810 497 860 425 269 235 763 165 648
683 407 373 155 94 759 875 161 297 226 75 794 601 545 452 817 615 87 541 656 120 887 476 176 183 971 277 426 235 393 312 575 844 513 224 519 105 186 779 754 297 815 741 639 984 31 80 572 992 467 605 959 312 708 246 182 596 278 601 846
257 264 220 149 288 792 407 507 381 16 764 775 504 401 70 362 814 633 842 831 661 674 713 698 990 930 229 474 439 841 380 554 608 96 632 456 444 890 226 873 430 841 625 951 602 607 243 802 935 965 925 178 76 21 828 30 139 454 29 579
424 234 219 126 560 55 648 792 190 691 552 560 510 94 450 873 3 153 620 38 467 578 945 605 357 827 877 528 991 318 516 53 769 570 251 458 160 538 673 546 712 51 963 345 88 485 623 960 880 128 80 610 969 965 111 969 295 272 254 64
14 415 10 975 183 744 439 893 583 616 418 246 875 728 7 861 690 269 249 298 755 756 886 406 581 103 11 657 161 308 260 736 288 942 930 213 43 233 214 820 883 125 1 570 125 934 495 637 869 630 88 119 387 994 451 205 957 168 740 338
495 759 314 339 1 574 808 987 371 178 427 954 756 513 868 916 460 631 103 597 344 982 957 864 338 816 440 454 195 130 454 543 115 624 715 661 213 343 763 94 889 775 487 510 897 293 133 525 917 44 654 521 46 903 343 931 676 387 497 347
273 982 521 488 677 458 38 598 518 491 425 700 833 586 353 499 700 603 110 440 671 841 76 366 136 727 339 887 585 923 90 400 871 989 665 185 811 432 396 290 229 178 562 644 531 632 54 294 651 258 86 23 667 745 870 432 36 677 810 837
210 296 718 98 412 423 513 108 313 768 246 313 506 601 356 123 143 682 727 661 459 71 868 25 910 888 818 703 449 456 19 68 157 19 552 560 579 222 438 291 701 336 12 975 297 325 782 120 295 424 24 108 598 379 381 646 486 911 311 549
82 69 589 655 445 340 287 310 261 177 907 550 665 555 149 399 437 176 110 96 287 391 538 544 607 914 868 4 624 490 503 964 225 532 984 141 540 872 885 754 560 809 103 210 74 242 434 401 681 48 395 765 339 91 43 302 917 754 684 86
861 873 545 274 498 667 315 559 570 736 18 808 27 148 970 345 875 79 411 541 911 19 484 421 281 265 718 558 1 90 224 412 261 963 581 5 744 723 699 783 942 143 909 757 638 748 814 576 385 40 676 840 872 839 769 490 176 246 631 561
944 634 553 413 404 455 820 344 260 780 306 705 191 181 767 309 499 220 764 899 91 264 45 111 598 667 762 105 155 947 280 767 443 541 154 351 918 904 117 127 703 54 608 363 620 239 689 596 233 267 338 528 702 773 464 299 293 285 56 783
246 320 690 782 474 635 60 782 338 13 902 38 954 986 887 629 27 669 782 854 91 384 18 930 325 240 955 382 221 444 418 980 234 375 80 421 908 925 591 796 462 913 287 756 134 862 333 252 644 480 551 520 133 74 732 674 281 903 156 404
445 26 962 916 357 222 853 341 266 181 661 909 478 448 958 24 772 208 151 592 981 54 656 435 481 485 154 881 307 868 145 597 980 695 451 609 752 582 344 81 663 896 453 523 367 433 974 214 555 50 870 41 530 921 729 518 624 599 191 697
393 889 995 608 958 790 161 593 380 199 310 984 109 672 476 56 447 268 105 952 507 108 793 335 741 37 466 724 25 568 209 308 411 268 327 730 247 354 587 681 639 458 1000 184 246 46 577 831 140 684 140 501 535 433 901 498 574 196 219 687
320 163 317 233 196 818 372 822 139 851 756 238 80 678 214 163 530 226 797 407 56 658 438 243 795 558 289 857 54 398 865 421 480 529 280 930 943 951 638 354 21 612 872 771 211 226 598 708 263 173 342 238 350 900 186 867 703 891 713 251
577 729 305 131 200 363 536 215 470 566 152 507 976 234 798 398 475 630 906 20 643 496 881 165 197 435 268 663 509 118 4 951 207 932 14 177 487 926 45 808 151 712 136 432 835 774 60 696 149 325 664 310 143 674 996 527 400 571 722 668
167 86 359 541 559 102 744 307 682 591 95 232 110 59 68 693 44 459 995 160 548 689 637 810 116 176 621 102 564 703 743 690 349 986 467 667 844 89 444 323 827 541 979 894 115 624 904 614 955 396 539 163 637 590 815 227 756 804 89 342
640 15 601 90 629 320 625 534 340 426 203 539 527 934 425 166 879 574 477 814 663 771 123 234 389 146 80 860 738 172 411 650 586 285 786 578 550 879 328 709 192 825 661 757 534 227 110 771 659 108 911 427 411 151 735 992 3 966 516 621
584 721 808 254 536 792 795 951 421 868 312 422 832 719 297 431 402 21 652 346 772 724 208 222 100 630 610 740 854 840 82 832 412 595 879 427 399 35 169 924 910 830 183 407 912 607 720 94 606 899 695 711 347 836 921 236 801 5 670 189
779 846 698 29 791 909 781 114 184 706 804 381 478 515 846 226 116 978 56 812 136 976 236 302 432 225 277 884 747 381 661 832 459 716 686 551 593 522 93 100 193 77 925 628 31 251 643 346 163 217 117 396 377 848 849 110 638 606 771 60
377 975 542 691 745 115 842 773 705 843 315 993 203 314 667 845 118 749 807 919 978 201 957 977 526 175 929 233 331 807 108 687 497 130 382 328 633 4 855 83 692 161 258 913 282 942 594 771 70 876 864 630 345 352 939 961 501 698 97 120
181 764 961 752 237 77 357 965 441 526 741 201 611 544 54 327 242 271 137 951 993 232 561 73 476 224 751 185 191 383 680 980 659 999 978 673 906 282 74 305 636 236 417 98 771 861 992 97 332 11 993 400 566 622 320 503 591 516 197 808
841 626 664 697 580 283 258 155 364 256 622 541 364 246 287 241 207 873 975 159 873 2 178 358 824 451 611 518 680 950 646 379 633 291 87 7 42 216 834 399 363 749 411 850 310 696 456 612 286 982 300 289 339 356 646 440 909 332 242 418
28 591 707 434 878 175 876 20 701 1 634 713 84 472 804 873 81 960 946 437 371 146 53 881 682 133 376 173 152 781 283 267 831 97 586 822 915 305 841 826 1 261 75 199 720 404 362 83 558 100 473 384 494 590 472 162 753 726 32 180