741 155 90 898 734 618 353 617 357 349 86 308 642 599 589 51 777 508 999 994 950 233 623 214 97 788 489 89 562 693 142 136 311 61 531 483 436 773 59 12 690 75 41 572 787 209 499 818 37 775 668 421 773 850 865 245 878 188 606 940 426 245 937 651 55 474 887 538 222 334 437 960 736 703 546 492 818 58 860 427 195 17 640 331 204 548 846 31 87 54 676 716 394 89 353 435 118 620 141 697 779 500 80 339 511 537 272 710 7 59 895 861 869 652 235 492 826 376 688 245
546 615 211 50 455 72 788 421 576 243 107 66 27 692 329 840 316 512 13 960 344 194 498 409 976 379 74 14 152 401 971 221 777 940 810 266 955 333 846 123 375 535 174 925 764 442 789 495 160 413 332 117 314 477 137 584 710 652 79 652 544 907 6 314 668 618 644 727 397 903 580 581 165 86 462 120 869 265 184 180 725 352 707 549 390 818 224 294 270 4 325 662 140 305 923 616 220 3 314 755 853 905 519 98 993 177 92 412 717 384 888 653 762 728 506 950 516 273 944 61
529 105 534 634 887 482 883 508 911 759 211 585 749 692 464 976 359 263 104 846 672 355 322 951 361 980 450 576 964 468 187 247 331 245 356 494 329 775 254 819 974 916 69 155 297 403 133 193 849 410 879 313 829 752 171 450 541 674 888 987 472 324 971 549 111 482 341 802 850 951 456 428 785 765 506 625 318 366 651 661 114 636 740 168 180 164 248 378 705 440 632 372 624 700 505 649 742 137 880 38 738 569 2 597 817 618 173 240 172 999 499 436 336 435 552 11 279 823 644 498
947 824 183 671 263 656 486 634 684 374 886 56 945 905 127 592 33 282 430 250 380 380 882 2 816 921 760 154 569 341 724 541 758 856 529 417 366 503 427 884 371 301 443 83 319 846 386 559 724 748 169 16 664 198 841 182 456 221 575 134 828 161 738 978 204 932 664 253 313 893 221 205 575 887 470 586 689 219 221 165 534 580 118 172 139 145 833 454 33 480 977 874 712 625 100 765 283 385 916 763 454 728 278 797 422 405 808 540 393 136 416 949 974 968 355 46 621 657 841 787
349 921 381 689 570 184 219 297 360 821 565 413 317 510 392 288 28 386 994 579 430 751 490 208 417 280 967 159 211 222 71 271 800 573 322 551 840 387 797 604 485 540 619 486 299 322 529 471 952 820 649 627 166 340 649 262 375 285 44 595 417 572 578 681 482 22 532 523 797 947 595 551 197 769 113 886 818 644 847 334 306 781 41 805 393 121 151 759 372 923 517 666 187 292 870 64 973 34 772 924 672 519 603 888 41 139 415 239 281 677 491 567 681 614 867 609 734 847 612 345
380 720 11 750 706 899 361 311 14 176 320 817 458 474 90 269 126 991 977 854 57 96 72 749 1000 808 28 548 583 882 520 150 565 816 803 175 467 297 909 784 502 354 376 502 453 425 436 292 605 749 94 950 355 698 865 848 81 804 293 917 285 362 639 540 718 365 561 296 529 89 460 855 835 395 876 294 735 939 51 931 571 804 520 371 518 562 769 621 100 251 950 646 765 257 416 942 811 23 674 243 203 994 351 637 710 402 468 673 664 361 327 202 632 667 521 815 748 477 12 253
980 164 236 808 894 886 530 65 624 628 363 80 983 692 258 121 703 651 344 596 933 759 564 918 159 467 22 184 258 707 296 554 844 209 878 865 371 959 224 758 989 734 613 473 570 670 475 374 246 343 700 87 291 152 114 506 679 126 335 12 218 455 934 430 995 103 718 799 99 594 456 235 498 531 199 419 136 413 752 388 279 8 514 612 71 71 799 570 594 663 283 582 530 634 493 665 943 989 52 606 765 918 963 17 477 923 440 758 195 575 314 917 200 638 213 638 720 149 565 600
503 926 834 847 639 429 192 703 643 563 343 780 708 885 664 661 582 195 298 106 881 778 504 143 316 123 96 645 355 343 978 703 120 405 83 955 441 240 67 624 33 56 835 767 952 853 195 709 383 691 443 367 439 922 528 951 802 742 194 543 205 95 820 987 939 521 283 460 957 518 738 793 201 858 685 425 561 280 69 31 358 364 668 261 876 32 305 933 471 555 174 331 470 478 504 606 1000 473 295 657 116 262 535 277 381 235 757 354 390 950 662 621 490 769 610 324 329 647 643 760
802 3 509 433 255 633 675 733 608 44 682 236 495 278 886 753 11 930 751 505 427 835 448 347 923 86 97 10 79 126 912 92 735 634 549 380 779 123 725 653 617 688 361 272 644 300 527 128 592 43 465 660 164 648 589 972 718 35 638 224 805 10 888 702 427 661 777 602 257 38 734 771 664 17 124 971 693 584 345 774 117 290 801 719 506 309 821 216 852 249 225 457 763 639 685 363 355 426 70 341 369 429 350 510 510 406 106 420 178 177 314 493 220 269 687 819 2 716 907 346
390 220 911 621 840 988 830 17 482 502 241 80 217 449 684 227 264 475 695 948 649 171 183 444 59 843 119 521 608 866 645 126 173 133 41 785 729 229 59 894 778 495 564 938 805 183 576 963 964 366 515 38 533 119 130 848 408 204 523 745 273 910 63 310 151 549 742 630 452 725 476 320 999 737 819 803 510 388 513 661 647 230 500 944 729 923 435 554 278 819 94 596 372 341 561 981 21 541 276 919 11 64 231 203 520 149 133 945 245 287 318 290 213 801 584 81 173 662 674 52
33 534 158 546 749 836 527 386 933 40 823 780 663 423 981 917 227 26 801 942 251 751 765 167 759 820 496 549 722 411 32 107 828 833 770 814 520 902 840 334 654 207 74 889 748 467 896 34 89 603 951 442 442 950 274 342 704 763 243 714 402 72 506 19 831 490 253 515 278 878 561 689 682 408 608 783 976 202 451 792 971 360 218 537 394 145 705 551 231 56 261 250 948 891 776 657 698 276 337 302 578 383 864 347 279 171 640 845 387 92 579 591 564 891 484 675 709 462 536 35
131 917 60 18 745 506 319 558 348 565 906 76 519 109 776 417 951 891 615 851 648 11 249 502 744 689 122 189 949 229 746 391 513 563 404 197 571 356 390 2 726 77 882 756 669 967 997 427 487 279 997 936 24 807 121 712 696 324 659 345 800 689 513 171 906 500 709 738 281 415 753 900 745 346 399 494 215 95 736 132 820 334 211 640 654 650 32 787 711 180 221 362 418 935 962 786 692 715 24 919 360 198 143 258 214 928 912 809 556 910 969 582 663 290 929 978 405 245 241 183
250 2 805 759 370 787 110 403 339 322 186 937 532 262 957 575 447 498 651 895 51 15 227 986 490 810 380 618 445 646 707 265 378 176 497 159 847 958 562 715 960 242 271 172 220 618 550 960 143 106 399 732 268 379 331 541 945 173 297 647 616 411 577 76 330 798 852 303 847 949 699 201 756 563 447 12 948 42 993 159 898 343 764 369 997 861 952 769 389 847 63 861 342 408 133 369 274 501 260 723 100 550 205 517 170 792 14 434 253 591 680 476 275 55 189 165 837 605 469 398
120 85 408 215 437 211 639 282 114 980 942 436 669 694 998 652 728 423 33 640 597 980 177 44 881 849 26 470 879 289 356 556 551 356 71 205 588 65 907 806 253 916 4 767 65 892 268 63 784 511 585 469 727 519 552 905 132 121 426 402 444 602 711 418 538 525 776 927 840 620 401 810 122 491 550 557 705 35 269 969 846 829 629 414 576 940 317 335 863 937 385 996 410 185 304 113 366 354 473 128 431 366 839 579 132 495 483 906 600 329 834 573 683 32 72 481 922 318 883 284
668 549 183 660 393 295 891 930 432 423 110 60 42 299 101 817 207 168 962 903 292 31 386 891 940 350 16 5 437 411 443 978 963 984 842 277 486 785 632 643 58 721 593 259 902 506 403 270 7 139 648 587 581 551 411 263 797 388 329 419 489 793 114 174 758 603 455 188 388 202 239 471 643 520 861 853 500 913 484 554 269 537 462 912 354 555 568 412 24 62 339 307 107 733 823 365 315 462 928 633 194 394 269 681 953 831 388 614 203 512 378 112 200 119 246 695 59 954 884 400
612 687 262 619 627 827 436 199 605 607 400 973 284 186 -1 -1 -1 -1 -1 -1 -1 -1 -1 -1 -1 -1 -1 -1 -1 -1 -1 -1 -1 -1 -1 -1 -1 -1 -1 -1 -1 -1 -1 -1 -1 -1 -1 -1 -1 -1 -1 -1 -1 -1 -1 -1 -1 -1 -1 -1 -1 -1 -1 -1 -1 -1 -1 -1 -1 -1 -1 -1 -1 -1 -1 -1 -1 -1 -1 -1 -1 -1 -1 -1 -1 -1 -1 -1 -1 -1 -1 -1 -1 -1 -1 -1 -1 -1 -1 -1 -1 -1 -1 -1 -1 295 854 936 892 769 757 518 20 779 753 43 782 542 675 562
345 944 629 517 630 873 237 598 876 160 742 161 434 336 -1 -1 -1 -1 -1 -1 -1 -1 -1 -1 -1 -1 -1 -1 -1 -1 -1 -1 -1 -1 -1 -1 -1 -1 -1 -1 -1 -1 -1 -1 -1 -1 -1 -1 -1 -1 -1 -1 -1 -1 -1 -1 -1 -1 -1 -1 -1 -1 -1 -1 -1 -1 -1 -1 -1 -1 -1 -1 -1 -1 -1 -1 -1 -1 -1 -1 -1 -1 -1 -1 -1 -1 -1 -1 -1 -1 -1 -1 -1 -1 -1 -1 -1 -1 -1 -1 -1 -1 -1 -1 -1 767 451 117 952 842 680 446 201 509 576 396 359 994 632 382
641 960 167 483 568 153 418 4 493 735 462 338 58 154 -1 -1 -1 -1 -1 -1 -1 -1 -1 -1 -1 -1 -1 -1 -1 -1 -1 -1 -1 -1 -1 -1 -1 -1 -1 -1 -1 -1 -1 -1 -1 -1 -1 -1 -1 -1 -1 -1 -1 -1 -1 -1 -1 -1 -1 -1 -1 -1 -1 -1 -1 -1 -1 -1 -1 -1 -1 -1 -1 -1 -1 -1 -1 -1 -1 -1 -1 -1 -1 -1 -1 -1 -1 -1 -1 -1 -1 -1 -1 -1 -1 -1 -1 -1 -1 -1 -1 -1 -1 -1 -1 764 977 681 223 451 538 788 844 161 322 682 44 113 270 206
357 514 642 587 820 687 742 715 973 343 511 922 478 251 -1 -1 -1 -1 -1 -1 -1 -1 -1 -1 -1 -1 -1 -1 -1 -1 -1 -1 -1 -1 -1 -1 -1 -1 -1 -1 -1 -1 -1 -1 -1 -1 -1 -1 -1 -1 -1 -1 -1 -1 -1 -1 -1 -1 -1 -1 -1 -1 -1 -1 -1 -1 -1 -1 -1 -1 -1 -1 -1 -1 -1 -1 -1 -1 -1 -1 -1 -1 -1 -1 -1 -1 -1 -1 -1 -1 -1 -1 -1 -1 -1 -1 -1 -1 -1 -1 -1 -1 -1 -1 -1 667 8 34 644 889 272 687 778 693 900 113 482 926 273 266
667 834 627 583 215 970 727 176 140 153 973 820 247 118 -1 -1 -1 -1 -1 -1 -1 -1 -1 -1 -1 -1 -1 -1 -1 -1 -1 -1 -1 -1 -1 -1 -1 -1 -1 -1 -1 -1 -1 -1 -1 -1 -1 -1 -1 -1 -1 -1 -1 -1 -1 -1 -1 -1 -1 -1 -1 -1 -1 -1 -1 -1 -1 -1 -1 -1 -1 -1 -1 -1 -1 -1 -1 -1 -1 -1 -1 -1 -1 -1 -1 -1 -1 -1 -1 -1 -1 -1 -1 -1 -1 -1 -1 -1 -1 -1 -1 -1 -1 -1 -1 407 98 768 152 58 333 795 432 516 708 883 71 123 181 259
359 115 53 285 852 174 274 631 152 831 506 963 341 6 -1 -1 -1 -1 -1 -1 -1 -1 -1 -1 -1 -1 -1 -1 -1 -1 -1 -1 -1 -1 -1 -1 -1 -1 -1 -1 -1 -1 -1 -1 -1 -1 -1 -1 -1 -1 -1 -1 -1 -1 -1 -1 -1 -1 -1 -1 -1 -1 -1 -1 -1 -1 -1 -1 -1 -1 -1 -1 -1 -1 -1 -1 -1 -1 -1 -1 -1 -1 -1 -1 -1 -1 -1 -1 -1 -1 -1 -1 -1 -1 -1 -1 -1 -1 -1 -1 -1 -1 -1 -1 -1 671 90 694 278 60 351 861 541 282 622 428 897 985 344 600
634 493 28 526 527 885 14 500 408 450 456 393 194 683 -1 -1 -1 -1 -1 -1 -1 -1 -1 -1 -1 -1 -1 -1 -1 -1 -1 -1 -1 -1 -1 -1 -1 -1 -1 -1 -1 -1 -1 -1 -1 -1 -1 -1 -1 -1 -1 -1 -1 -1 -1 -1 -1 -1 -1 -1 -1 -1 -1 -1 -1 -1 -1 -1 -1 -1 -1 -1 -1 -1 -1 -1 -1 -1 -1 -1 -1 -1 -1 -1 -1 -1 -1 -1 -1 -1 -1 -1 -1 -1 -1 -1 -1 -1 -1 -1 -1 -1 -1 -1 -1 955 149 71 431 581 193 384 311 40 677 410 660 220 647 649
230 322 834 599 283 708 956 913 794 581 709 964 290 800 -1 -1 -1 -1 -1 -1 -1 -1 -1 -1 -1 -1 -1 -1 -1 -1 -1 -1 -1 -1 -1 -1 -1 -1 -1 -1 -1 -1 -1 -1 -1 -1 -1 -1 -1 -1 -1 -1 -1 -1 -1 -1 -1 -1 -1 -1 -1 -1 -1 -1 -1 -1 -1 -1 -1 -1 -1 -1 -1 -1 -1 -1 -1 -1 -1 -1 -1 -1 -1 -1 -1 -1 -1 -1 -1 -1 -1 -1 -1 -1 -1 -1 -1 -1 -1 -1 -1 -1 -1 -1 -1 978 409 390 38 635 952 142 681 844 759 71 499 211 775 51
533 682 11 197 452 686 585 875 682 902 765 577 727 336 -1 -1 -1 -1 -1 -1 -1 -1 -1 -1 -1 -1 -1 -1 -1 -1 -1 -1 -1 -1 -1 -1 -1 -1 -1 -1 -1 -1 -1 -1 -1 -1 -1 -1 -1 -1 -1 -1 -1 -1 -1 -1 -1 -1 -1 -1 -1 -1 -1 -1 -1 -1 -1 -1 -1 -1 -1 -1 -1 -1 -1 -1 -1 -1 -1 -1 -1 -1 -1 -1 -1 -1 -1 -1 -1 -1 -1 -1 -1 -1 -1 -1 -1 -1 -1 -1 -1 -1 -1 -1 -1 587 456 425 44 166 529 269 133 143 306 646 354 660 342 811
491 816 196 834 730 670 726 931 24 565 635 897 764 730 -1 -1 -1 -1 -1 -1 -1 -1 -1 -1 -1 -1 -1 -1 -1 -1 -1 -1 -1 -1 -1 -1 -1 -1 -1 -1 -1 -1 -1 -1 -1 -1 -1 -1 -1 -1 -1 -1 -1 -1 -1 -1 -1 -1 -1 -1 -1 -1 -1 -1 -1 -1 -1 -1 -1 -1 -1 -1 -1 -1 -1 -1 -1 -1 -1 -1 -1 -1 -1 -1 -1 -1 -1 -1 -1 -1 -1 -1 -1 -1 -1 -1 -1 -1 -1 -1 -1 -1 -1 -1 -1 663 502 782 305 735 783 900 956 147 685 569 493 490 736 154
456 927 162 587 952 181 736 236 303 739 698 141 167 569 -1 -1 -1 -1 -1 -1 -1 -1 -1 -1 -1 -1 -1 -1 -1 -1 -1 -1 -1 -1 -1 -1 -1 -1 -1 -1 -1 -1 -1 -1 -1 -1 -1 -1 -1 -1 -1 -1 -1 -1 -1 -1 -1 -1 -1 -1 -1 -1 -1 -1 -1 -1 -1 -1 -1 -1 -1 -1 -1 -1 -1 -1 -1 -1 -1 -1 -1 -1 -1 -1 -1 -1 -1 -1 -1 -1 -1 -1 -1 -1 -1 -1 -1 -1 -1 -1 -1 -1 -1 -1 -1 219 200 375 553 737 851 776 454 273 685 817 33 283 128 312
1 798 88 713 759 980 413 574 532 643 118 689 497 355 -1 -1 -1 -1 -1 -1 -1 -1 -1 -1 -1 -1 -1 -1 -1 -1 -1 -1 -1 -1 -1 -1 -1 -1 -1 -1 -1 -1 -1 -1 -1 -1 -1 -1 -1 -1 -1 -1 -1 -1 -1 -1 -1 -1 -1 -1 -1 -1 -1 -1 -1 -1 -1 -1 -1 -1 -1 -1 -1 -1 -1 -1 -1 -1 -1 -1 -1 -1 -1 -1 -1 -1 -1 -1 -1 -1 -1 -1 -1 -1 -1 -1 -1 -1 -1 -1 -1 -1 -1 -1 -1 178 644 832 505 238 427 426 643 717 384 211 874 452 204 336
654 108 232 407 317 848 881 432 235 836 673 572 265 540 -1 -1 -1 -1 -1 -1 -1 -1 -1 -1 -1 -1 -1 -1 -1 -1 -1 -1 -1 -1 -1 -1 -1 -1 -1 -1 -1 -1 -1 -1 -1 -1 -1 -1 -1 -1 -1 -1 -1 -1 -1 -1 -1 -1 -1 -1 -1 -1 -1 -1 -1 -1 -1 -1 -1 -1 -1 -1 -1 -1 -1 -1 -1 -1 -1 -1 -1 -1 -1 -1 -1 -1 -1 -1 -1 -1 -1 -1 -1 -1 -1 -1 -1 -1 -1 -1 -1 -1 -1 -1 -1 411 98 872 900 233 805 437 430 353 711 805 230 412 529 70
875 694 897 324 766 655 850 735 392 996 523 976 429 435 -1 -1 -1 -1 -1 -1 -1 -1 -1 -1 -1 -1 -1 -1 -1 -1 -1 -1 -1 -1 -1 -1 -1 -1 -1 -1 -1 -1 -1 -1 -1 -1 -1 -1 -1 -1 -1 -1 -1 -1 -1 -1 -1 -1 -1 -1 -1 -1 -1 -1 -1 -1 -1 -1 -1 -1 -1 -1 -1 -1 -1 -1 -1 -1 -1 -1 -1 -1 -1 -1 -1 -1 -1 -1 -1 -1 -1 -1 -1 -1 -1 -1 -1 -1 -1 -1 -1 -1 -1 -1 -1 877 113 949 103 268 853 372 358 703 584 895 925 271 662 712
553 161 162 103 894 518 666 201 140 969 838 873 667 452 -1 -1 -1 -1 -1 -1 -1 -1 -1 -1 -1 -1 -1 -1 -1 -1 -1 -1 -1 -1 -1 -1 -1 -1 -1 -1 -1 -1 -1 -1 -1 -1 -1 -1 -1 -1 -1 -1 -1 -1 -1 -1 -1 -1 -1 -1 -1 -1 -1 -1 -1 -1 -1 -1 -1 -1 -1 -1 -1 -1 -1 -1 -1 -1 -1 -1 -1 -1 -1 -1 -1 -1 -1 -1 -1 -1 -1 -1 -1 -1 -1 -1 -1 -1 -1 -1 -1 -1 -1 -1 -1 580 501 982 108 877 372 283 360 392 649 737 875 221 487 408
513 713 198 443 431 941 690 272 409 198 485 455 175 690 -1 -1 -1 -1 -1 -1 -1 -1 -1 -1 -1 -1 -1 -1 -1 -1 -1 -1 -1 -1 -1 -1 -1 -1 -1 -1 -1 -1 -1 -1 -1 -1 -1 -1 -1 -1 -1 -1 -1 -1 -1 -1 -1 -1 -1 -1 -1 -1 -1 -1 -1 -1 -1 -1 -1 -1 -1 -1 -1 -1 -1 -1 -1 -1 -1 -1 -1 -1 -1 -1 -1 -1 -1 -1 -1 -1 -1 -1 -1 -1 -1 -1 -1 -1 -1 -1 -1 -1 -1 -1 -1 77 411 374 612 501 125 287 162 13 416 539 389 495 930 5
871 68 111 838 68 80 532 383 89 6 554 265 129 311 -1 -1 -1 -1 -1 -1 -1 -1 -1 -1 -1 -1 -1 -1 -1 -1 -1 -1 -1 -1 -1 -1 -1 -1 -1 -1 -1 -1 -1 -1 -1 -1 -1 -1 -1 -1 -1 -1 -1 -1 -1 -1 -1 -1 -1 -1 -1 -1 -1 -1 -1 -1 -1 -1 -1 -1 -1 -1 -1 -1 -1 -1 -1 -1 -1 -1 -1 -1 -1 -1 -1 -1 -1 -1 -1 -1 -1 -1 -1 -1 -1 -1 -1 -1 -1 -1 -1 -1 -1 -1 -1 662 328 592 934 277 254 788 964 377 104 203 564 818 755 653
315 591 127 147 164 865 729 274 267 731 975 191 874 115 -1 -1 -1 -1 -1 -1 -1 -1 -1 -1 -1 -1 -1 -1 -1 -1 -1 -1 -1 -1 -1 -1 -1 -1 -1 -1 -1 -1 -1 -1 -1 -1 -1 -1 -1 -1 -1 -1 -1 -1 -1 -1 -1 -1 -1 -1 -1 -1 -1 -1 -1 -1 -1 -1 -1 -1 -1 -1 -1 -1 -1 -1 -1 -1 -1 -1 -1 -1 -1 -1 -1 -1 -1 -1 -1 -1 -1 -1 -1 -1 -1 -1 -1 -1 -1 -1 -1 -1 -1 -1 -1 16 878 922 370 599 433 575 666 955 827 360 474 523 75 983
945 354 115 468 797 457 444 893 555 472 301 600 438 346 -1 -1 -1 -1 -1 -1 -1 -1 -1 -1 -1 -1 -1 -1 -1 -1 -1 -1 -1 -1 -1 -1 -1 -1 -1 -1 -1 -1 -1 -1 -1 -1 -1 -1 -1 -1 -1 -1 -1 -1 -1 -1 -1 -1 -1 -1 -1 -1 -1 -1 -1 -1 -1 -1 -1 -1 -1 -1 -1 -1 -1 -1 -1 -1 -1 -1 -1 -1 -1 -1 -1 -1 -1 -1 -1 -1 -1 -1 -1 -1 -1 -1 -1 -1 -1 -1 -1 -1 -1 -1 -1 683 577 538 455 946 804 90 35 474 49 534 161 45 792 80
798 96 62 992 844 116 735 93 567 229 962 385 655 750 -1 -1 -1 -1 -1 -1 -1 -1 -1 -1 -1 -1 -1 -1 -1 -1 -1 -1 -1 -1 -1 -1 -1 -1 -1 -1 -1 -1 -1 -1 -1 -1 -1 -1 -1 -1 -1 -1 -1 -1 -1 -1 -1 -1 -1 -1 -1 -1 -1 -1 -1 -1 -1 -1 -1 -1 -1 -1 -1 -1 -1 -1 -1 -1 -1 -1 -1 -1 -1 -1 -1 -1 -1 -1 -1 -1 -1 -1 -1 -1 -1 -1 -1 -1 -1 -1 -1 -1 -1 -1 -1 318 819 725 548 256 903 775 793 701 105 286 453 624 800 177
373 160 338 626 873 601 696 733 324 609 527 387 926 19 -1 -1 -1 -1 -1 -1 -1 -1 -1 -1 -1 -1 -1 -1 -1 -1 -1 -1 -1 -1 -1 -1 -1 -1 -1 -1 -1 -1 -1 -1 -1 -1 -1 -1 -1 -1 -1 -1 -1 -1 -1 -1 -1 -1 -1 -1 -1 -1 -1 -1 -1 -1 -1 -1 -1 -1 -1 -1 -1 -1 -1 -1 -1 -1 -1 -1 -1 -1 -1 -1 -1 -1 -1 -1 -1 -1 -1 -1 -1 -1 -1 -1 -1 -1 -1 -1 -1 -1 -1 -1 -1 338 859 199 576 724 294 506 143 256 446 343 551 525 342 859
948 139 795 272 734 180 796 583 370 969 106 393 862 914 -1 -1 -1 -1 -1 -1 -1 -1 -1 -1 -1 -1 -1 -1 -1 -1 -1 -1 -1 -1 -1 -1 -1 -1 -1 -1 -1 -1 -1 -1 -1 -1 -1 -1 -1 -1 -1 -1 -1 -1 -1 -1 -1 -1 -1 -1 -1 -1 -1 -1 -1 -1 -1 -1 -1 -1 -1 -1 -1 -1 -1 -1 -1 -1 -1 -1 -1 -1 -1 -1 -1 -1 -1 -1 -1 -1 -1 -1 -1 -1 -1 -1 -1 -1 -1 -1 -1 -1 -1 -1 -1 745 721 99 128 805 443 372 711 793 187 654 462 594 371 187
996 627 266 407 135 583 265 549 724 2 579 711 378 46 -1 -1 -1 -1 -1 -1 -1 -1 -1 -1 -1 -1 -1 -1 -1 -1 -1 -1 -1 -1 -1 -1 -1 -1 -1 -1 -1 -1 -1 -1 -1 -1 -1 -1 -1 -1 -1 -1 -1 -1 -1 -1 -1 -1 -1 -1 -1 -1 -1 -1 -1 -1 -1 -1 -1 -1 -1 -1 -1 -1 -1 -1 -1 -1 -1 -1 -1 -1 -1 -1 -1 -1 -1 -1 -1 -1 -1 -1 -1 -1 -1 -1 -1 -1 -1 -1 -1 -1 -1 -1 -1 395 35 989 337 830 98 426 622 11 440 775 520 306 805 809
693 790 183 542 838 63 992 556 404 573 838 391 821 515 -1 -1 -1 -1 -1 -1 -1 -1 -1 -1 -1 -1 -1 -1 -1 -1 -1 -1 -1 -1 -1 -1 -1 -1 -1 -1 -1 -1 -1 -1 -1 -1 -1 -1 -1 -1 -1 -1 -1 -1 -1 -1 -1 -1 -1 -1 -1 -1 -1 -1 -1 -1 -1 -1 -1 -1 -1 -1 -1 -1 -1 -1 -1 -1 -1 -1 -1 -1 -1 -1 -1 -1 -1 -1 -1 -1 -1 -1 -1 -1 -1 -1 -1 -1 -1 -1 -1 -1 -1 -1 -1 776 80 729 940 840 550 823 727 424 708 979 988 331 23 83
717 13 195 265 622 265 450 982 649 746 121 635 766 863 -1 -1 -1 -1 -1 -1 -1 -1 -1 -1 -1 -1 -1 -1 -1 -1 -1 -1 -1 -1 -1 -1 -1 -1 -1 -1 -1 -1 -1 -1 -1 -1 -1 -1 -1 -1 -1 -1 -1 -1 -1 -1 -1 -1 -1 -1 -1 -1 -1 -1 -1 -1 -1 -1 -1 -1 -1 -1 -1 -1 -1 -1 -1 -1 -1 -1 -1 -1 -1 -1 -1 -1 -1 -1 -1 -1 -1 -1 -1 -1 -1 -1 -1 -1 -1 -1 -1 -1 -1 -1 -1 500 274 833 965 491 42 627 691 778 966 488 211 847 878 437
97 373 225 201 667 97 134 11 326 615 441 102 726 773 -1 -1 -1 -1 -1 -1 -1 -1 -1 -1 -1 -1 -1 -1 -1 -1 -1 -1 -1 -1 -1 -1 -1 -1 -1 -1 -1 -1 -1 -1 -1 -1 -1 -1 -1 -1 -1 -1 -1 -1 -1 -1 -1 -1 -1 -1 -1 -1 -1 -1 -1 -1 -1 -1 -1 -1 -1 -1 -1 -1 -1 -1 -1 -1 -1 -1 -1 -1 -1 -1 -1 -1 -1 -1 -1 -1 -1 -1 -1 -1 -1 -1 -1 -1 -1 -1 -1 -1 -1 -1 -1 243 688 757 286 699 441 131 413 385 489 994 459 314 202 894
774 511 527 565 382 599 470 364 399 351 60 327 917 83 -1 -1 -1 -1 -1 -1 -1 -1 -1 -1 -1 -1 -1 -1 -1 -1 -1 -1 -1 -1 -1 -1 -1 -1 -1 -1 -1 -1 -1 -1 -1 -1 -1 -1 -1 -1 -1 -1 -1 -1 -1 -1 -1 -1 -1 -1 -1 -1 -1 -1 -1 -1 -1 -1 -1 -1 -1 -1 -1 -1 -1 -1 -1 -1 -1 -1 -1 -1 -1 -1 -1 -1 -1 -1 -1 -1 -1 -1 -1 -1 -1 -1 -1 -1 -1 -1 -1 -1 -1 -1 -1 968 32 33 383 693 359 617 669 993 342 198 340 961 987 816
784 703 553 89 223 16 896 461 741 803 726 974 383 279 -1 -1 -1 -1 -1 -1 -1 -1 -1 -1 -1 -1 -1 -1 -1 -1 -1 -1 -1 -1 -1 -1 -1 -1 -1 -1 -1 -1 -1 -1 -1 -1 -1 -1 -1 -1 -1 -1 -1 -1 -1 -1 -1 -1 -1 -1 -1 -1 -1 -1 -1 -1 -1 -1 -1 -1 -1 -1 -1 -1 -1 -1 -1 -1 -1 -1 -1 -1 -1 -1 -1 -1 -1 -1 -1 -1 -1 -1 -1 -1 -1 -1 -1 -1 -1 -1 -1 -1 -1 -1 -1 291 879 928 246 873 803 251 851 37 605 180 767 281 776 565
708 945 43 158 236 597 895 11 256 230 446 793 948 278 -1 -1 -1 -1 -1 -1 -1 -1 -1 -1 -1 -1 -1 -1 -1 -1 -1 -1 -1 -1 -1 -1 -1 -1 -1 -1 -1 -1 -1 -1 -1 -1 -1 -1 -1 -1 -1 -1 -1 -1 -1 -1 -1 -1 -1 -1 -1 -1 -1 -1 -1 -1 -1 -1 -1 -1 -1 -1 -1 -1 -1 -1 -1 -1 -1 -1 -1 -1 -1 -1 -1 -1 -1 -1 -1 -1 -1 -1 -1 -1 -1 -1 -1 -1 -1 -1 -1 -1 -1 -1 -1 365 98 235 252 95 394 928 121 900 328 700 20 438 739 892
405 577 231 915 866 196 371 134 149 13 872 149 138 742 -1 -1 -1 -1 -1 -1 -1 -1 -1 -1 -1 -1 -1 -1 -1 -1 -1 -1 -1 -1 -1 -1 -1 -1 -1 -1 -1 -1 -1 -1 -1 -1 -1 -1 -1 -1 -1 -1 -1 -1 -1 -1 -1 -1 -1 -1 -1 -1 -1 -1 -1 -1 -1 -1 -1 -1 -1 -1 -1 -1 -1 -1 -1 -1 -1 -1 -1 -1 -1 -1 -1 -1 -1 -1 -1 -1 -1 -1 -1 -1 -1 -1 -1 -1 -1 -1 -1 -1 -1 -1 -1 777 830 534 721 760 823 921 955 912 65 164 117 401 184 282
169 634 536 626 589 878 286 400 767 518 880 575 454 922 -1 -1 -1 -1 -1 -1 -1 -1 -1 -1 -1 -1 -1 -1 -1 -1 -1 -1 -1 -1 -1 -1 -1 -1 -1 -1 -1 -1 -1 -1 -1 -1 -1 -1 -1 -1 -1 -1 -1 -1 -1 -1 -1 -1 -1 -1 -1 -1 -1 -1 -1 -1 -1 -1 -1 -1 -1 -1 -1 -1 -1 -1 -1 -1 -1 -1 -1 -1 -1 -1 -1 -1 -1 -1 -1 -1 -1 -1 -1 -1 -1 -1 -1 -1 -1 -1 -1 -1 -1 -1 -1 133 673 158 782 139 557 814 550 489 505 205 668 617 575 937
979 109 640 569 678 476 246 908 763 841 102 410 774 575 -1 -1 -1 -1 -1 -1 -1 -1 -1 -1 -1 -1 -1 -1 -1 -1 -1 -1 -1 -1 -1 -1 -1 -1 -1 -1 -1 -1 -1 -1 -1 -1 -1 -1 -1 -1 -1 -1 -1 -1 -1 -1 -1 -1 -1 -1 -1 -1 -1 -1 -1 -1 -1 -1 -1 -1 -1 -1 -1 -1 -1 -1 -1 -1 -1 -1 -1 -1 -1 -1 -1 -1 -1 -1 -1 -1 -1 -1 -1 -1 -1 -1 -1 -1 -1 -1 -1 -1 -1 -1 -1 112 68 263 953 468 268 515 585 966 293 100 895 260 564 88
387 985 331 124 643 155 152 381 27 139 245 779 607 15 -1 -1 -1 -1 -1 -1 -1 -1 -1 -1 -1 -1 -1 -1 -1 -1 -1 -1 -1 -1 -1 -1 -1 -1 -1 -1 -1 -1 -1 -1 -1 -1 -1 -1 -1 -1 -1 -1 -1 -1 -1 -1 -1 -1 -1 -1 -1 -1 -1 -1 -1 -1 -1 -1 -1 -1 -1 -1 -1 -1 -1 -1 -1 -1 -1 -1 -1 -1 -1 -1 -1 -1 -1 -1 -1 -1 -1 -1 -1 -1 -1 -1 -1 -1 -1 -1 -1 -1 -1 -1 -1 254 48 626 425 716 24 506 304 758 247 25 258 767 638 909
327 94 560 308 510 15 163 868 314 752 275 148 189 365 -1 -1 -1 -1 -1 -1 -1 -1 -1 -1 -1 -1 -1 -1 -1 -1 -1 -1 -1 -1 -1 -1 -1 -1 -1 -1 -1 -1 -1 -1 -1 -1 -1 -1 -1 -1 -1 -1 -1 -1 -1 -1 -1 -1 -1 -1 -1 -1 -1 -1 -1 -1 -1 -1 -1 -1 -1 -1 -1 -1 -1 -1 -1 -1 -1 -1 -1 -1 -1 -1 -1 -1 -1 -1 -1 -1 -1 -1 -1 -1 -1 -1 -1 -1 -1 -1 -1 -1 -1 -1 -1 39 262 209 861 750 126 541 2 409 46 84 830 703 487 745
87 630 834 802 923 95 201 396 24 477 275 938 428 465 -1 -1 -1 -1 -1 -1 -1 -1 -1 -1 -1 -1 -1 -1 -1 -1 -1 -1 -1 -1 -1 -1 -1 -1 -1 -1 -1 -1 -1 -1 -1 -1 -1 -1 -1 -1 -1 -1 -1 -1 -1 -1 -1 -1 -1 -1 -1 -1 -1 -1 -1 -1 -1 -1 -1 -1 -1 -1 -1 -1 -1 -1 -1 -1 -1 -1 -1 -1 -1 -1 -1 -1 -1 -1 -1 -1 -1 -1 -1 -1 -1 -1 -1 -1 -1 -1 -1 -1 -1 -1 -1 390 225 715 810 325 656 166 364 833 758 273 849 927 753 422
256 370 446 927 77 290 809 506 995 717 384 729 722 894 -1 -1 -1 -1 -1 -1 -1 -1 -1 -1 -1 -1 -1 -1 -1 -1 -1 -1 -1 -1 -1 -1 -1 -1 -1 -1 -1 -1 -1 -1 -1 -1 -1 -1 -1 -1 -1 -1 -1 -1 -1 -1 -1 -1 -1 -1 -1 -1 -1 -1 -1 -1 -1 -1 -1 -1 -1 -1 -1 -1 -1 -1 -1 -1 -1 -1 -1 -1 -1 -1 -1 -1 -1 -1 -1 -1 -1 -1 -1 -1 -1 -1 -1 -1 -1 -1 -1 -1 -1 -1 -1 263 966 394 884 6 244 462 363 736 638 996 739 358 612 49
515 524 690 508 581 648 753 481 691 558 786 197 236 807 -1 -1 -1 -1 -1 -1 -1 -1 -1 -1 -1 -1 -1 -1 -1 -1 -1 -1 -1 -1 -1 -1 -1 -1 -1 -1 -1 -1 -1 -1 -1 -1 -1 -1 -1 -1 -1 -1 -1 -1 -1 -1 -1 -1 -1 -1 -1 -1 -1 -1 -1 -1 -1 -1 -1 -1 -1 -1 -1 -1 -1 -1 -1 -1 -1 -1 -1 -1 -1 -1 -1 -1 -1 -1 -1 -1 -1 -1 -1 -1 -1 -1 -1 -1 -1 -1 -1 -1 -1 -1 -1 645 540 653 137 588 741 580 451 724 160 151 604 611 247 843
266 873 996 489 549 954 756 638 961 106 599 274 649 142 -1 -1 -1 -1 -1 -1 -1 -1 -1 -1 -1 -1 -1 -1 -1 -1 -1 -1 -1 -1 -1 -1 -1 -1 -1 -1 -1 -1 -1 -1 -1 -1 -1 -1 -1 -1 -1 -1 -1 -1 -1 -1 -1 -1 -1 -1 -1 -1 -1 -1 -1 -1 -1 -1 -1 -1 -1 -1 -1 -1 -1 -1 -1 -1 -1 -1 -1 -1 -1 -1 -1 -1 -1 -1 -1 -1 -1 -1 -1 -1 -1 -1 -1 -1 -1 -1 -1 -1 -1 -1 -1 932 181 947 410 989 24 627 930 386 329 825 505 477 146 811
681 788 589 444 943 220 54 878 58 183 295 958 219 566 -1 -1 -1 -1 -1 -1 -1 -1 -1 -1 -1 -1 -1 -1 -1 -1 -1 -1 -1 -1 -1 -1 -1 -1 -1 -1 -1 -1 -1 -1 -1 -1 -1 -1 -1 -1 -1 -1 -1 -1 -1 -1 -1 -1 -1 -1 -1 -1 -1 -1 -1 -1 -1 -1 -1 -1 -1 -1 -1 -1 -1 -1 -1 -1 -1 -1 -1 -1 -1 -1 -1 -1 -1 -1 -1 -1 -1 -1 -1 -1 -1 -1 -1 -1 -1 -1 -1 -1 -1 -1 -1 88 442 962 654 976 107 357 721 166 418 59 248 363 871 529
91 349 261 507 37 631 863 412 350 222 798 345 878 327 -1 -1 -1 -1 -1 -1 -1 -1 -1 -1 -1 -1 -1 -1 -1 -1 -1 -1 -1 -1 -1 -1 -1 -1 -1 -1 -1 -1 -1 -1 -1 -1 -1 -1 -1 -1 -1 -1 -1 -1 -1 -1 -1 -1 -1 -1 -1 -1 -1 -1 -1 -1 -1 -1 -1 -1 -1 -1 -1 -1 -1 -1 -1 -1 -1 -1 -1 -1 -1 -1 -1 -1 -1 -1 -1 -1 -1 -1 -1 -1 -1 -1 -1 -1 -1 -1 -1 -1 -1 -1 -1 814 528 510 881 19 143 110 588 148 492 348 24 95 402 266
421 936 728 844 340 684 163 157 244 997 258 880 726 307 -1 -1 -1 -1 -1 -1 -1 -1 -1 -1 -1 -1 -1 -1 -1 -1 -1 -1 -1 -1 -1 -1 -1 -1 -1 -1 -1 -1 -1 -1 -1 -1 -1 -1 -1 -1 -1 -1 -1 -1 -1 -1 -1 -1 -1 -1 -1 -1 -1 -1 -1 -1 -1 -1 -1 -1 -1 -1 -1 -1 -1 -1 -1 -1 -1 -1 -1 -1 -1 -1 -1 -1 -1 -1 -1 -1 -1 -1 -1 -1 -1 -1 -1 -1 -1 -1 -1 -1 -1 -1 -1 160 182 688 336 981 416 290 332 47 926 149 123 895 358 34
278 994 503 429 37 530 263 364 899 577 667 900 383 773 -1 -1 -1 -1 -1 -1 -1 -1 -1 -1 -1 -1 -1 -1 -1 -1 -1 -1 -1 -1 -1 -1 -1 -1 -1 -1 -1 -1 -1 -1 -1 -1 -1 -1 -1 -1 -1 -1 -1 -1 -1 -1 -1 -1 -1 -1 -1 -1 -1 -1 -1 -1 -1 -1 -1 -1 -1 -1 -1 -1 -1 -1 -1 -1 -1 -1 -1 -1 -1 -1 -1 -1 -1 -1 -1 -1 -1 -1 -1 -1 -1 -1 -1 -1 -1 -1 -1 -1 -1 -1 -1 783 715 196 115 449 571 25 420 448 697 280 89 406 360 992
207 79 183 100 250 508 622 243 947 173 38 326 800 907 -1 -1 -1 -1 -1 -1 -1 -1 -1 -1 -1 -1 -1 -1 -1 -1 -1 -1 -1 -1 -1 -1 -1 -1 -1 -1 -1 -1 -1 -1 -1 -1 -1 -1 -1 -1 -1 -1 -1 -1 -1 -1 -1 -1 -1 -1 -1 -1 -1 -1 -1 -1 -1 -1 -1 -1 -1 -1 -1 -1 -1 -1 -1 -1 -1 -1 -1 -1 -1 -1 -1 -1 -1 -1 -1 -1 -1 -1 -1 -1 -1 -1 -1 -1 -1 -1 -1 -1 -1 -1 -1 232 88 14 365 978 189 282 914 207 886 812 225 907 669 191
761 193 788 50 408 41 865 655 602 303 918 660 264 276 -1 -1 -1 -1 -1 -1 -1 -1 -1 -1 -1 -1 -1 -1 -1 -1 -1 -1 -1 -1 -1 -1 -1 -1 -1 -1 -1 -1 -1 -1 -1 -1 -1 -1 -1 -1 -1 -1 -1 -1 -1 -1 -1 -1 -1 -1 -1 -1 -1 -1 -1 -1 -1 -1 -1 -1 -1 -1 -1 -1 -1 -1 -1 -1 -1 -1 -1 -1 -1 -1 -1 -1 -1 -1 -1 -1 -1 -1 -1 -1 -1 -1 -1 -1 -1 -1 -1 -1 -1 -1 -1 909 593 593 830 447 536 467 849 893 641 936 611 614 488 804
237 829 882 442 814 179 655 107 236 127 41 382 389 696 -1 -1 -1 -1 -1 -1 -1 -1 -1 -1 -1 -1 -1 -1 -1 -1 -1 -1 -1 -1 -1 -1 -1 -1 -1 -1 -1 -1 -1 -1 -1 -1 -1 -1 -1 -1 -1 -1 -1 -1 -1 -1 -1 -1 -1 -1 -1 -1 -1 -1 -1 -1 -1 -1 -1 -1 -1 -1 -1 -1 -1 -1 -1 -1 -1 -1 -1 -1 -1 -1 -1 -1 -1 -1 -1 -1 -1 -1 -1 -1 -1 -1 -1 -1 -1 -1 -1 -1 -1 -1 -1 665 748 595 501 294 872 412 257 641 5 547 160 615 552 127
668 738 264 763 471 848 850 334 501 956 442 271 231 48 -1 -1 -1 -1 -1 -1 -1 -1 -1 -1 -1 -1 -1 -1 -1 -1 -1 -1 -1 -1 -1 -1 -1 -1 -1 -1 -1 -1 -1 -1 -1 -1 -1 -1 -1 -1 -1 -1 -1 -1 -1 -1 -1 -1 -1 -1 -1 -1 -1 -1 -1 -1 -1 -1 -1 -1 -1 -1 -1 -1 -1 -1 -1 -1 -1 -1 -1 -1 -1 -1 -1 -1 -1 -1 -1 -1 -1 -1 -1 -1 -1 -1 -1 -1 -1 -1 -1 -1 -1 -1 -1 895 947 719 545 29 252 441 456 901 861 487 666 613 65 766
416 157 67 65 872 310 739 657 728 471 578 785 31 186 -1 -1 -1 -1 -1 -1 -1 -1 -1 -1 -1 -1 -1 -1 -1 -1 -1 -1 -1 -1 -1 -1 -1 -1 -1 -1 -1 -1 -1 -1 -1 -1 -1 -1 -1 -1 -1 -1 -1 -1 -1 -1 -1 -1 -1 -1 -1 -1 -1 -1 -1 -1 -1 -1 -1 -1 -1 -1 -1 -1 -1 -1 -1 -1 -1 -1 -1 -1 -1 -1 -1 -1 -1 -1 -1 -1 -1 -1 -1 -1 -1 -1 -1 -1 -1 -1 -1 -1 -1 -1 -1 97 456 377 856 800 453 654 782 233 154 105 622 151 108 349
765 914 424 630 296 770 850 236 376 977 700 427 788 16 -1 -1 -1 -1 -1 -1 -1 -1 -1 -1 -1 -1 -1 -1 -1 -1 -1 -1 -1 -1 -1 -1 -1 -1 -1 -1 -1 -1 -1 -1 -1 -1 -1 -1 -1 -1 -1 -1 -1 -1 -1 -1 -1 -1 -1 -1 -1 -1 -1 -1 -1 -1 -1 -1 -1 -1 -1 -1 -1 -1 -1 -1 -1 -1 -1 -1 -1 -1 -1 -1 -1 -1 -1 -1 -1 -1 -1 -1 -1 -1 -1 -1 -1 -1 -1 -1 -1 -1 -1 -1 -1 873 102 124 128 62 398 765 97 179 361 288 606 786 312 875
279 480 366 960 597 14 894 355 368 257 826 230 525 151 -1 -1 -1 -1 -1 -1 -1 -1 -1 -1 -1 -1 -1 -1 -1 -1 -1 -1 -1 -1 -1 -1 -1 -1 -1 -1 -1 -1 -1 -1 -1 -1 -1 -1 -1 -1 -1 -1 -1 -1 -1 -1 -1 -1 -1 -1 -1 -1 -1 -1 -1 -1 -1 -1 -1 -1 -1 -1 -1 -1 -1 -1 -1 -1 -1 -1 -1 -1 -1 -1 -1 -1 -1 -1 -1 -1 -1 -1 -1 -1 -1 -1 -1 -1 -1 -1 -1 -1 -1 -1 -1 939 184 771 776 506 381 247 39 609 654 96 673 683 292 759
969 740 908 949 263 147 31 435 174 51 164 53 660 796 -1 -1 -1 -1 -1 -1 -1 -1 -1 -1 -1 -1 -1 -1 -1 -1 -1 -1 -1 -1 -1 -1 -1 -1 -1 -1 -1 -1 -1 -1 -1 -1 -1 -1 -1 -1 -1 -1 -1 -1 -1 -1 -1 -1 -1 -1 -1 -1 -1 -1 -1 -1 -1 -1 -1 -1 -1 -1 -1 -1 -1 -1 -1 -1 -1 -1 -1 -1 -1 -1 -1 -1 -1 -1 -1 -1 -1 -1 -1 -1 -1 -1 -1 -1 -1 -1 -1 -1 -1 -1 -1 583 544 245 760 303 118 631 615 936 960 874 488 695 96 157
676 705 427 448 393 622 161 3 652 539 919 779 787 980 -1 -1 -1 -1 -1 -1 -1 -1 -1 -1 -1 -1 -1 -1 -1 -1 -1 -1 -1 -1 -1 -1 -1 -1 -1 -1 -1 -1 -1 -1 -1 -1 -1 -1 -1 -1 -1 -1 -1 -1 -1 -1 -1 -1 -1 -1 -1 -1 -1 -1 -1 -1 -1 -1 -1 -1 -1 -1 -1 -1 -1 -1 -1 -1 -1 -1 -1 -1 -1 -1 -1 -1 -1 -1 -1 -1 -1 -1 -1 -1 -1 -1 -1 -1 -1 -1 -1 -1 -1 -1 -1 58 593 241 144 47 916 981 87 381 464 736 551 765 345 295
884 832 54 550 471 1000 616 553 390 700 637 881 90 890 -1 -1 -1 -1 -1 -1 -1 -1 -1 -1 -1 -1 -1 -1 -1 -1 -1 -1 -1 -1 -1 -1 -1 -1 -1 -1 -1 -1 -1 -1 -1 -1 -1 -1 -1 -1 -1 -1 -1 -1 -1 -1 -1 -1 -1 -1 -1 -1 -1 -1 -1 -1 -1 -1 -1 -1 -1 -1 -1 -1 -1 -1 -1 -1 -1 -1 -1 -1 -1 -1 -1 -1 -1 -1 -1 -1 -1 -1 -1 -1 -1 -1 -1 -1 -1 -1 -1 -1 -1 -1 -1 222 462 535 224 306 308 284 622 151 856 229 465 505 763 826
466 658 906 521 428 26 272 871 64 443 470 259 697 204 -1 -1 -1 -1 -1 -1 -1 -1 -1 -1 -1 -1 -1 -1 -1 -1 -1 -1 -1 -1 -1 -1 -1 -1 -1 -1 -1 -1 -1 -1 -1 -1 -1 -1 -1 -1 -1 -1 -1 -1 -1 -1 -1 -1 -1 -1 -1 -1 -1 -1 -1 -1 -1 -1 -1 -1 -1 -1 -1 -1 -1 -1 -1 -1 -1 -1 -1 -1 -1 -1 -1 -1 -1 -1 -1 -1 -1 -1 -1 -1 -1 -1 -1 -1 -1 -1 -1 -1 -1 -1 -1 68 963 903 90 446 938 662 837 387 91 366 136 540 199 949
809 859 219 686 435 672 924 465 537 647 460 812 491 187 -1 -1 -1 -1 -1 -1 -1 -1 -1 -1 -1 -1 -1 -1 -1 -1 -1 -1 -1 -1 -1 -1 -1 -1 -1 -1 -1 -1 -1 -1 -1 -1 -1 -1 -1 -1 -1 -1 -1 -1 -1 -1 -1 -1 -1 -1 -1 -1 -1 -1 -1 -1 -1 -1 -1 -1 -1 -1 -1 -1 -1 -1 -1 -1 -1 -1 -1 -1 -1 -1 -1 -1 -1 -1 -1 -1 -1 -1 -1 -1 -1 -1 -1 -1 -1 -1 -1 -1 -1 -1 -1 978 986 462 687 878 586 619 243 622 619 141 40 818 738 105
424 523 211 871 143 926 755 492 652 973 51 986 461 886 -1 -1 -1 -1 -1 -1 -1 -1 -1 -1 -1 -1 -1 -1 -1 -1 -1 -1 -1 -1 -1 -1 -1 -1 -1 -1 -1 -1 -1 -1 -1 -1 -1 -1 -1 -1 -1 -1 -1 -1 -1 -1 -1 -1 -1 -1 -1 -1 -1 -1 -1 -1 -1 -1 -1 -1 -1 -1 -1 -1 -1 -1 -1 -1 -1 -1 -1 -1 -1 -1 -1 -1 -1 -1 -1 -1 -1 -1 -1 -1 -1 -1 -1 -1 -1 -1 -1 -1 -1 -1 -1 55 412 842 463 632 467 254 564 775 629 794 509 246 831 894
587 616 983 823 992 834 939 472 373 694 65 353 438 107 -1 -1 -1 -1 -1 -1 -1 -1 -1 -1 -1 -1 -1 -1 -1 -1 -1 -1 -1 -1 -1 -1 -1 -1 -1 -1 -1 -1 -1 -1 -1 -1 -1 -1 -1 -1 -1 -1 -1 -1 -1 -1 -1 -1 -1 -1 -1 -1 -1 -1 -1 -1 -1 -1 -1 -1 -1 -1 -1 -1 -1 -1 -1 -1 -1 -1 -1 -1 -1 -1 -1 -1 -1 -1 -1 -1 -1 -1 -1 -1 -1 -1 -1 -1 -1 -1 -1 -1 -1 -1 -1 264 119 534 987 646 320 963 388 600 617 81 211 864 990 465
300 248 592 251 382 160 217 258 212 315 664 19 655 582 -1 -1 -1 -1 -1 -1 -1 -1 -1 -1 -1 -1 -1 -1 -1 -1 -1 -1 -1 -1 -1 -1 -1 -1 -1 -1 -1 -1 -1 -1 -1 -1 -1 -1 -1 -1 -1 -1 -1 -1 -1 -1 -1 -1 -1 -1 -1 -1 -1 -1 -1 -1 -1 -1 -1 -1 -1 -1 -1 -1 -1 -1 -1 -1 -1 -1 -1 -1 -1 -1 -1 -1 -1 -1 -1 -1 -1 -1 -1 -1 -1 -1 -1 -1 -1 -1 -1 -1 -1 -1 -1 740 550 701 142 656 53 157 570 340 892 867 316 480 253 952
391 637 265 109 979 480 763 70 864 402 867 139 988 35 -1 -1 -1 -1 -1 -1 -1 -1 -1 -1 -1 -1 -1 -1 -1 -1 -1 -1 -1 -1 -1 -1 -1 -1 -1 -1 -1 -1 -1 -1 -1 -1 -1 -1 -1 -1 -1 -1 -1 -1 -1 -1 -1 -1 -1 -1 -1 -1 -1 -1 -1 -1 -1 -1 -1 -1 -1 -1 -1 -1 -1 -1 -1 -1 -1 -1 -1 -1 -1 -1 -1 -1 -1 -1 -1 -1 -1 -1 -1 -1 -1 -1 -1 -1 -1 -1 -1 -1 -1 -1 -1 579 994 826 22 890 657 425 382 985 18 107 355 238 854 176
153 274 16 301 153 752 248 356 857 721 285 445 176 412 -1 -1 -1 -1 -1 -1 -1 -1 -1 -1 -1 -1 -1 -1 -1 -1 -1 -1 -1 -1 -1 -1 -1 -1 -1 -1 -1 -1 -1 -1 -1 -1 -1 -1 -1 -1 -1 -1 -1 -1 -1 -1 -1 -1 -1 -1 -1 -1 -1 -1 -1 -1 -1 -1 -1 -1 -1 -1 -1 -1 -1 -1 -1 -1 -1 -1 -1 -1 -1 -1 -1 -1 -1 -1 -1 -1 -1 -1 -1 -1 -1 -1 -1 -1 -1 -1 -1 -1 -1 -1 -1 758 713 435 42 829 549 848 518 72 4 138 926 192 903 10
590 673 380 242 677 981 725 371 758 207 233 995 583 97 -1 -1 -1 -1 -1 -1 -1 -1 -1 -1 -1 -1 -1 -1 -1 -1 -1 -1 -1 -1 -1 -1 -1 -1 -1 -1 -1 -1 -1 -1 -1 -1 -1 -1 -1 -1 -1 -1 -1 -1 -1 -1 -1 -1 -1 -1 -1 -1 -1 -1 -1 -1 -1 -1 -1 -1 -1 -1 -1 -1 -1 -1 -1 -1 -1 -1 -1 -1 -1 -1 -1 -1 -1 -1 -1 -1 -1 -1 -1 -1 -1 -1 -1 -1 -1 -1 -1 -1 -1 -1 -1 171 231 595 604 481 487 581 946 125 296 239 130 796 409 68
446 933 940 590 537 797 138 274 6 913 56 398 765 925 -1 -1 -1 -1 -1 -1 -1 -1 -1 -1 -1 -1 -1 -1 -1 -1 -1 -1 -1 -1 -1 -1 -1 -1 -1 -1 -1 -1 -1 -1 -1 -1 -1 -1 -1 -1 -1 -1 -1 -1 -1 -1 -1 -1 -1 -1 -1 -1 -1 -1 -1 -1 -1 -1 -1 -1 -1 -1 -1 -1 -1 -1 -1 -1 -1 -1 -1 -1 -1 -1 -1 -1 -1 -1 -1 -1 -1 -1 -1 -1 -1 -1 -1 -1 -1 -1 -1 -1 -1 -1 -1 573 723 358 791 785 353 327 345 116 176 401 132 356 689 52
986 191 624 195 969 690 835 310 467 304 166 302 711 434 -1 -1 -1 -1 -1 -1 -1 -1 -1 -1 -1 -1 -1 -1 -1 -1 -1 -1 -1 -1 -1 -1 -1 -1 -1 -1 -1 -1 -1 -1 -1 -1 -1 -1 -1 -1 -1 -1 -1 -1 -1 -1 -1 -1 -1 -1 -1 -1 -1 -1 -1 -1 -1 -1 -1 -1 -1 -1 -1 -1 -1 -1 -1 -1 -1 -1 -1 -1 -1 -1 -1 -1 -1 -1 -1 -1 -1 -1 -1 -1 -1 -1 -1 -1 -1 -1 -1 -1 -1 -1 -1 808 347 832 923 322 553 551 904 710 200 623 770 643 37 29
677 940 817 257 287 210 783 927 431 782 948 537 860 849 -1 -1 -1 -1 -1 -1 -1 -1 -1 -1 -1 -1 -1 -1 -1 -1 -1 -1 -1 -1 -1 -1 -1 -1 -1 -1 -1 -1 -1 -1 -1 -1 -1 -1 -1 -1 -1 -1 -1 -1 -1 -1 -1 -1 -1 -1 -1 -1 -1 -1 -1 -1 -1 -1 -1 -1 -1 -1 -1 -1 -1 -1 -1 -1 -1 -1 -1 -1 -1 -1 -1 -1 -1 -1 -1 -1 -1 -1 -1 -1 -1 -1 -1 -1 -1 -1 -1 -1 -1 -1 -1 461 307 250 362 521 478 397 225 525 948 828 154 397 847 497
612 85 923 80 385 160 953 8 954 828 338 74 651 661 -1 -1 -1 -1 -1 -1 -1 -1 -1 -1 -1 -1 -1 -1 -1 -1 -1 -1 -1 -1 -1 -1 -1 -1 -1 -1 -1 -1 -1 -1 -1 -1 -1 -1 -1 -1 -1 -1 -1 -1 -1 -1 -1 -1 -1 -1 -1 -1 -1 -1 -1 -1 -1 -1 -1 -1 -1 -1 -1 -1 -1 -1 -1 -1 -1 -1 -1 -1 -1 -1 -1 -1 -1 -1 -1 -1 -1 -1 -1 -1 -1 -1 -1 -1 -1 -1 -1 -1 -1 -1 -1 785 470 156 869 684 527 133 247 948 658 907 943 969 994 782
521 205 98 333 171 84 358 246 129 620 510 388 499 575 -1 -1 -1 -1 -1 -1 -1 -1 -1 -1 -1 -1 -1 -1 -1 -1 -1 -1 -1 -1 -1 -1 -1 -1 -1 -1 -1 -1 -1 -1 -1 -1 -1 -1 -1 -1 -1 -1 -1 -1 -1 -1 -1 -1 -1 -1 -1 -1 -1 -1 -1 -1 -1 -1 -1 -1 -1 -1 -1 -1 -1 -1 -1 -1 -1 -1 -1 -1 -1 -1 -1 -1 -1 -1 -1 -1 -1 -1 -1 -1 -1 -1 -1 -1 -1 -1 -1 -1 -1 -1 -1 659 791 447 219 813 292 592 875 717 448 576 121 170 335 591
899 96 541 974 865 779 568 206 545 870 108 555 427 321 -1 -1 -1 -1 -1 -1 -1 -1 -1 -1 -1 -1 -1 -1 -1 -1 -1 -1 -1 -1 -1 -1 -1 -1 -1 -1 -1 -1 -1 -1 -1 -1 -1 -1 -1 -1 -1 -1 -1 -1 -1 -1 -1 -1 -1 -1 -1 -1 -1 -1 -1 -1 -1 -1 -1 -1 -1 -1 -1 -1 -1 -1 -1 -1 -1 -1 -1 -1 -1 -1 -1 -1 -1 -1 -1 -1 -1 -1 -1 -1 -1 -1 -1 -1 -1 -1 -1 -1 -1 -1 -1 711 842 85 622 964 636 110 29 754 492 810 838 580 812 364
110 476 349 153 15 777 593 999 414 124 97 340 370 702 -1 -1 -1 -1 -1 -1 -1 -1 -1 -1 -1 -1 -1 -1 -1 -1 -1 -1 -1 -1 -1 -1 -1 -1 -1 -1 -1 -1 -1 -1 -1 -1 -1 -1 -1 -1 -1 -1 -1 -1 -1 -1 -1 -1 -1 -1 -1 -1 -1 -1 -1 -1 -1 -1 -1 -1 -1 -1 -1 -1 -1 -1 -1 -1 -1 -1 -1 -1 -1 -1 -1 -1 -1 -1 -1 -1 -1 -1 -1 -1 -1 -1 -1 -1 -1 -1 -1 -1 -1 -1 -1 595 844 784 948 560 547 500 781 177 50 665 867 500 432 95
807 928 641 859 448 980 767 617 169 2 82 41 882 705 -1 -1 -1 -1 -1 -1 -1 -1 -1 -1 -1 -1 -1 -1 -1 -1 -1 -1 -1 -1 -1 -1 -1 -1 -1 -1 -1 -1 -1 -1 -1 -1 -1 -1 -1 -1 -1 -1 -1 -1 -1 -1 -1 -1 -1 -1 -1 -1 -1 -1 -1 -1 -1 -1 -1 -1 -1 -1 -1 -1 -1 -1 -1 -1 -1 -1 -1 -1 -1 -1 -1 -1 -1 -1 -1 -1 -1 -1 -1 -1 -1 -1 -1 -1 -1 -1 -1 -1 -1 -1 -1 316 842 335 87 519 76 388 671 683 596 810 885 633 378 894
898 820 49 651 851 25 492 634 986 707 177 978 851 245 -1 -1 -1 -1 -1 -1 -1 -1 -1 -1 -1 -1 -1 -1 -1 -1 -1 -1 -1 -1 -1 -1 -1 -1 -1 -1 -1 -1 -1 -1 -1 -1 -1 -1 -1 -1 -1 -1 -1 -1 -1 -1 -1 -1 -1 -1 -1 -1 -1 -1 -1 -1 -1 -1 -1 -1 -1 -1 -1 -1 -1 -1 -1 -1 -1 -1 -1 -1 -1 -1 -1 -1 -1 -1 -1 -1 -1 -1 -1 -1 -1 -1 -1 -1 -1 -1 -1 -1 -1 -1 -1 541 291 874 78 575 869 949 661 708 808 849 651 516 752 959
573 978 185 822 563 251 39 624 52 697 412 541 141 950 -1 -1 -1 -1 -1 -1 -1 -1 -1 -1 -1 -1 -1 -1 -1 -1 -1 -1 -1 -1 -1 -1 -1 -1 -1 -1 -1 -1 -1 -1 -1 -1 -1 -1 -1 -1 -1 -1 -1 -1 -1 -1 -1 -1 -1 -1 -1 -1 -1 -1 -1 -1 -1 -1 -1 -1 -1 -1 -1 -1 -1 -1 -1 -1 -1 -1 -1 -1 -1 -1 -1 -1 -1 -1 -1 -1 -1 -1 -1 -1 -1 -1 -1 -1 -1 -1 -1 -1 -1 -1 -1 658 631 719 446 457 855 149 127 855 488 28 335 819 167 422
616 244 372 164 911 817 830 559 830 144 599 823 959 561 -1 -1 -1 -1 -1 -1 -1 -1 -1 -1 -1 -1 -1 -1 -1 -1 -1 -1 -1 -1 -1 -1 -1 -1 -1 -1 -1 -1 -1 -1 -1 -1 -1 -1 -1 -1 -1 -1 -1 -1 -1 -1 -1 -1 -1 -1 -1 -1 -1 -1 -1 -1 -1 -1 -1 -1 -1 -1 -1 -1 -1 -1 -1 -1 -1 -1 -1 -1 -1 -1 -1 -1 -1 -1 -1 -1 -1 -1 -1 -1 -1 -1 -1 -1 -1 -1 -1 -1 -1 -1 -1 292 115 781 157 321 52 161 22 569 826 74 810 831 437 758
768 869 256 551 516 280 359 951 724 173 273 735 729 262 -1 -1 -1 -1 -1 -1 -1 -1 -1 -1 -1 -1 -1 -1 -1 -1 -1 -1 -1 -1 -1 -1 -1 -1 -1 -1 -1 -1 -1 -1 -1 -1 -1 -1 -1 -1 -1 -1 -1 -1 -1 -1 -1 -1 -1 -1 -1 -1 -1 -1 -1 -1 -1 -1 -1 -1 -1 -1 -1 -1 -1 -1 -1 -1 -1 -1 -1 -1 -1 -1 -1 -1 -1 -1 -1 -1 -1 -1 -1 -1 -1 -1 -1 -1 -1 -1 -1 -1 -1 -1 -1 597 906 467 678 921 175 599 262 581 385 405 27 479 934 401
665 648 852 449 547 512 829 225 230 895 337 495 599 909 -1 -1 -1 -1 -1 -1 -1 -1 -1 -1 -1 -1 -1 -1 -1 -1 -1 -1 -1 -1 -1 -1 -1 -1 -1 -1 -1 -1 -1 -1 -1 -1 -1 -1 -1 -1 -1 -1 -1 -1 -1 -1 -1 -1 -1 -1 -1 -1 -1 -1 -1 -1 -1 -1 -1 -1 -1 -1 -1 -1 -1 -1 -1 -1 -1 -1 -1 -1 -1 -1 -1 -1 -1 -1 -1 -1 -1 -1 -1 -1 -1 -1 -1 -1 -1 -1 -1 -1 -1 -1 -1 108 307 276 930 674 361 378 284 77 119 830 255 751 501 203
933 574 362 592 392 330 718 408 802 250 605 10 253 94 -1 -1 -1 -1 -1 -1 -1 -1 -1 -1 -1 -1 -1 -1 -1 -1 -1 -1 -1 -1 -1 -1 -1 -1 -1 -1 -1 -1 -1 -1 -1 -1 -1 -1 -1 -1 -1 -1 -1 -1 -1 -1 -1 -1 -1 -1 -1 -1 -1 -1 -1 -1 -1 -1 -1 -1 -1 -1 -1 -1 -1 -1 -1 -1 -1 -1 -1 -1 -1 -1 -1 -1 -1 -1 -1 -1 -1 -1 -1 -1 -1 -1 -1 -1 -1 -1 -1 -1 -1 -1 -1 680 347 362 627 54 377 498 992 692 751 982 496 636 473 415
452 707 994 818 539 341 699 507 840 565 425 310 220 921 -1 -1 -1 -1 -1 -1 -1 -1 -1 -1 -1 -1 -1 -1 -1 -1 -1 -1 -1 -1 -1 -1 -1 -1 -1 -1 -1 -1 -1 -1 -1 -1 -1 -1 -1 -1 -1 -1 -1 -1 -1 -1 -1 -1 -1 -1 -1 -1 -1 -1 -1 -1 -1 -1 -1 -1 -1 -1 -1 -1 -1 -1 -1 -1 -1 -1 -1 -1 -1 -1 -1 -1 -1 -1 -1 -1 -1 -1 -1 -1 -1 -1 -1 -1 -1 -1 -1 -1 -1 -1 -1 201 565 907 105 941 680 944 945 135 146 411 663 133 57 271
660 687 788 417 545 892 677 872 741 458 858 992 256 205 -1 -1 -1 -1 -1 -1 -1 -1 -1 -1 -1 -1 -1 -1 -1 -1 -1 -1 -1 -1 -1 -1 -1 -1 -1 -1 -1 -1 -1 -1 -1 -1 -1 -1 -1 -1 -1 -1 -1 -1 -1 -1 -1 -1 -1 -1 -1 -1 -1 -1 -1 -1 -1 -1 -1 -1 -1 -1 -1 -1 -1 -1 -1 -1 -1 -1 -1 -1 -1 -1 -1 -1 -1 -1 -1 -1 -1 -1 -1 -1 -1 -1 -1 -1 -1 -1 -1 -1 -1 -1 -1 125 391 984 416 359 260 367 116 935 328 730 496 644 457 872
944 714 970 5 508 791 510 331 149 504 994 667 609 399 -1 -1 -1 -1 -1 -1 -1 -1 -1 -1 -1 -1 -1 -1 -1 -1 -1 -1 -1 -1 -1 -1 -1 -1 -1 -1 -1 -1 -1 -1 -1 -1 -1 -1 -1 -1 -1 -1 -1 -1 -1 -1 -1 -1 -1 -1 -1 -1 -1 -1 -1 -1 -1 -1 -1 -1 -1 -1 -1 -1 -1 -1 -1 -1 -1 -1 -1 -1 -1 -1 -1 -1 -1 -1 -1 -1 -1 -1 -1 -1 -1 -1 -1 -1 -1 -1 -1 -1 -1 -1 -1 932 775 320 477 398 718 900 199 252 882 353 72 891 96 687
787 159 930 930 82 346 834 254 322 872 358 176 926 26 -1 -1 -1 -1 -1 -1 -1 -1 -1 -1 -1 -1 -1 -1 -1 -1 -1 -1 -1 -1 -1 -1 -1 -1 -1 -1 -1 -1 -1 -1 -1 -1 -1 -1 -1 -1 -1 -1 -1 -1 -1 -1 -1 -1 -1 -1 -1 -1 -1 -1 -1 -1 -1 -1 -1 -1 -1 -1 -1 -1 -1 -1 -1 -1 -1 -1 -1 -1 -1 -1 -1 -1 -1 -1 -1 -1 -1 -1 -1 -1 -1 -1 -1 -1 -1 -1 -1 -1 -1 -1 -1 556 836 331 61 506 763 26 642 67 256 71 120 70 642 935
406 201 905 500 9 867 370 93 483 574 340 570 396 800 -1 -1 -1 -1 -1 -1 -1 -1 -1 -1 -1 -1 -1 -1 -1 -1 -1 -1 -1 -1 -1 -1 -1 -1 -1 -1 -1 -1 -1 -1 -1 -1 -1 -1 -1 -1 -1 -1 -1 -1 -1 -1 -1 -1 -1 -1 -1 -1 -1 -1 -1 -1 -1 -1 -1 -1 -1 -1 -1 -1 -1 -1 -1 -1 -1 -1 -1 -1 -1 -1 -1 -1 -1 -1 -1 -1 -1 -1 -1 -1 -1 -1 -1 -1 -1 -1 -1 -1 -1 -1 -1 967 169 470 462 579 640 698 945 898 103 483 800 728 984 234
368 733 338 70 732 347 222 766 782 745 987 46 415 963 -1 -1 -1 -1 -1 -1 -1 -1 -1 -1 -1 -1 -1 -1 -1 -1 -1 -1 -1 -1 -1 -1 -1 -1 -1 -1 -1 -1 -1 -1 -1 -1 -1 -1 -1 -1 -1 -1 -1 -1 -1 -1 -1 -1 -1 -1 -1 -1 -1 -1 -1 -1 -1 -1 -1 -1 -1 -1 -1 -1 -1 -1 -1 -1 -1 -1 -1 -1 -1 -1 -1 -1 -1 -1 -1 -1 -1 -1 -1 -1 -1 -1 -1 -1 -1 -1 -1 -1 -1 -1 -1 857 127 250 295 279 107 246 449 299 717 900 591 466 904 283
618 635 667 486 890 151 583 448 669 390 442 904 248 213 -1 -1 -1 -1 -1 -1 -1 -1 -1 -1 -1 -1 -1 -1 -1 -1 -1 -1 -1 -1 -1 -1 -1 -1 -1 -1 -1 -1 -1 -1 -1 -1 -1 -1 -1 -1 -1 -1 -1 -1 -1 -1 -1 -1 -1 -1 -1 -1 -1 -1 -1 -1 -1 -1 -1 -1 -1 -1 -1 -1 -1 -1 -1 -1 -1 -1 -1 -1 -1 -1 -1 -1 -1 -1 -1 -1 -1 -1 -1 -1 -1 -1 -1 -1 -1 -1 -1 -1 -1 -1 -1 834 536 548 675 560 479 609 853 761 884 579 212 698 431 468
64 538 207 694 361 638 41 796 189 990 416 133 6 185 -1 -1 -1 -1 -1 -1 -1 -1 -1 -1 -1 -1 -1 -1 -1 -1 -1 -1 -1 -1 -1 -1 -1 -1 -1 -1 -1 -1 -1 -1 -1 -1 -1 -1 -1 -1 -1 -1 -1 -1 -1 -1 -1 -1 -1 -1 -1 -1 -1 -1 -1 -1 -1 -1 -1 -1 -1 -1 -1 -1 -1 -1 -1 -1 -1 -1 -1 -1 -1 -1 -1 -1 -1 -1 -1 -1 -1 -1 -1 -1 -1 -1 -1 -1 -1 -1 -1 -1 -1 -1 -1 210 72 355 708 925 351 388 994 792 712 541 236 527 615 798
180 882 166 967 931 147 633 122 572 291 671 922 727 609 -1 -1 -1 -1 -1 -1 -1 -1 -1 -1 -1 -1 -1 -1 -1 -1 -1 -1 -1 -1 -1 -1 -1 -1 -1 -1 -1 -1 -1 -1 -1 -1 -1 -1 -1 -1 -1 -1 -1 -1 -1 -1 -1 -1 -1 -1 -1 -1 -1 -1 -1 -1 -1 -1 -1 -1 -1 -1 -1 -1 -1 -1 -1 -1 -1 -1 -1 -1 -1 -1 -1 -1 -1 -1 -1 -1 -1 -1 -1 -1 -1 -1 -1 -1 -1 -1 -1 -1 -1 -1 -1 518 649 295 437 306 902 631 904 844 285 488 583 489 953 499
476 354 977 831 497 654 513 626 703 814 35 512 221 43 -1 -1 -1 -1 -1 -1 -1 -1 -1 -1 -1 -1 -1 -1 -1 -1 -1 -1 -1 -1 -1 -1 -1 -1 -1 -1 -1 -1 -1 -1 -1 -1 -1 -1 -1 -1 -1 -1 -1 -1 -1 -1 -1 -1 -1 -1 -1 -1 -1 -1 -1 -1 -1 -1 -1 -1 -1 -1 -1 -1 -1 -1 -1 -1 -1 -1 -1 -1 -1 -1 -1 -1 -1 -1 -1 -1 -1 -1 -1 -1 -1 -1 -1 -1 -1 -1 -1 -1 -1 -1 -1 235 420 154 804 78 978 246 667 941 887 804 483 368 134 725
521 318 302 942 706 530 565 676 249 850 684 292 313 29 -1 -1 -1 -1 -1 -1 -1 -1 -1 -1 -1 -1 -1 -1 -1 -1 -1 -1 -1 -1 -1 -1 -1 -1 -1 -1 -1 -1 -1 -1 -1 -1 -1 -1 -1 -1 -1 -1 -1 -1 -1 -1 -1 -1 -1 -1 -1 -1 -1 -1 -1 -1 -1 -1 -1 -1 -1 -1 -1 -1 -1 -1 -1 -1 -1 -1 -1 -1 -1 -1 -1 -1 -1 -1 -1 -1 -1 -1 -1 -1 -1 -1 -1 -1 -1 -1 -1 -1 -1 -1 -1 597 277 51 989 53 105 669 262 851 232 46 208 111 802 639
946 811 603 273 121 187 793 842 951 566 554 158 147 646 -1 -1 -1 -1 -1 -1 -1 -1 -1 -1 -1 -1 -1 -1 -1 -1 -1 -1 -1 -1 -1 -1 -1 -1 -1 -1 -1 -1 -1 -1 -1 -1 -1 -1 -1 -1 -1 -1 -1 -1 -1 -1 -1 -1 -1 -1 -1 -1 -1 -1 -1 -1 -1 -1 -1 -1 -1 -1 -1 -1 -1 -1 -1 -1 -1 -1 -1 -1 -1 -1 -1 -1 -1 -1 -1 -1 -1 -1 -1 -1 -1 -1 -1 -1 -1 -1 -1 -1 -1 -1 -1 342 383 966 498 918 339 457 826 326 164 462 859 415 192 468
672 281 7 861 165 48 967 173 914 473 128 566 48 274 -1 -1 -1 -1 -1 -1 -1 -1 -1 -1 -1 -1 -1 -1 -1 -1 -1 -1 -1 -1 -1 -1 -1 -1 -1 -1 -1 -1 -1 -1 -1 -1 -1 -1 -1 -1 -1 -1 -1 -1 -1 -1 -1 -1 -1 -1 -1 -1 -1 -1 -1 -1 -1 -1 -1 -1 -1 -1 -1 -1 -1 -1 -1 -1 -1 -1 -1 -1 -1 -1 -1 -1 -1 -1 -1 -1 -1 -1 -1 -1 -1 -1 -1 -1 -1 -1 -1 -1 -1 -1 -1 717 870 93 305 963 151 37 913 923 57 32 893 875 306 62
469 260 804 555 403 127 319 121 61 762 114 113 586 31 -1 -1 -1 -1 -1 -1 -1 -1 -1 -1 -1 -1 -1 -1 -1 -1 -1 -1 -1 -1 -1 -1 -1 -1 -1 -1 -1 -1 -1 -1 -1 -1 -1 -1 -1 -1 -1 -1 -1 -1 -1 -1 -1 -1 -1 -1 -1 -1 -1 -1 -1 -1 -1 -1 -1 -1 -1 -1 -1 -1 -1 -1 -1 -1 -1 -1 -1 -1 -1 -1 -1 -1 -1 -1 -1 -1 -1 -1 -1 -1 -1 -1 -1 -1 -1 -1 -1 -1 -1 -1 -1 383 645 790 311 710 409 196 901 596 834 655 445 517 96 442
228 185 89 264 329 304 605 365 122 828 925 238 884 490 -1 -1 -1 -1 -1 -1 -1 -1 -1 -1 -1 -1 -1 -1 -1 -1 -1 -1 -1 -1 -1 -1 -1 -1 -1 -1 -1 -1 -1 -1 -1 -1 -1 -1 -1 -1 -1 -1 -1 -1 -1 -1 -1 -1 -1 -1 -1 -1 -1 -1 -1 -1 -1 -1 -1 -1 -1 -1 -1 -1 -1 -1 -1 -1 -1 -1 -1 -1 -1 -1 -1 -1 -1 -1 -1 -1 -1 -1 -1 -1 -1 -1 -1 -1 -1 -1 -1 -1 -1 -1 -1 471 414 995 130 272 781 527 894 816 194 749 598 273 832 17
908 523 853 966 456 398 537 152 732 694 972 719 416 924 -1 -1 -1 -1 -1 -1 -1 -1 -1 -1 -1 -1 -1 -1 -1 -1 -1 -1 -1 -1 -1 -1 -1 -1 -1 -1 -1 -1 -1 -1 -1 -1 -1 -1 -1 -1 -1 -1 -1 -1 -1 -1 -1 -1 -1 -1 -1 -1 -1 -1 -1 -1 -1 -1 -1 -1 -1 -1 -1 -1 -1 -1 -1 -1 -1 -1 -1 -1 -1 -1 -1 -1 -1 -1 -1 -1 -1 -1 -1 -1 -1 -1 -1 -1 -1 -1 -1 -1 -1 -1 -1 823 947 292 31 664 544 766 479 947 503 24 259 641 94 944
823 870 907 367 767 742 597 411 920 245 344 621 449 605 -1 -1 -1 -1 -1 -1 -1 -1 -1 -1 -1 -1 -1 -1 -1 -1 -1 -1 -1 -1 -1 -1 -1 -1 -1 -1 -1 -1 -1 -1 -1 -1 -1 -1 -1 -1 -1 716 313 870 253 249 198 335 238 500 875 265 558 30 252 306 533 229 454 701 264 182 443 659 929 774 93 639 895 844 502 337 792 34 943 182 27 988 15 78 922 152 686 255 552 616 27 273 911 917 11 515 669 813 203 828 780 485 555 405 879 303 358 748 153 181 115 629 5 875
444 282 630 173 200 235 782 373 489 854 613 412 262 750 218 295 738 540 730 108 600 710 80 171 893 924 175 540 162 172 57 728 156 925 433 185 15 753 560 308 756 630 841 901 645 870 295 36 159 317 22 558 152 667 96 559 658 683 50 887 743 643 70 522 222 948 35 324 398 764 995 428 210 369 804 592 4 57 427 217 13 448 748 664 141 609 373 945 591 97 996 839 495 120 974 320 375 896 387 826 823 859 600 878 764 832 68 650 244 891 150 437 242 51 926 114 507 384 340 783
872 745 793 219 886 619 961 578 599 630 486 536 561 623 599 962 570 807 779 518 763 64 446 667 415 750 545 627 732 3 227 63 945 657 484 296 527 975 1 352 414 858 568 947 609 407 583 361 204 391 672 406 572 387 215 884 24 193 784 976 726 974 418 731 505 764 328 851 785 839 993 498 516 107 949 78 339 89 763 265 864 116 649 770 806 869 4 637 889 78 296 351 24 678 906 557 663 816 492 566 697 626 895 311 310 291 896 847 590 314 16 866 511 531 171 554 941 528 109 511
34 673 9 590 767 423 368 636 742 946 398 13 152 606 293 464 887 140 108 28 836 943 957 626 205 892 394 483 902 489 63 797 255 525 750 256 58 327 421 914 537 857 650 249 702 878 321 457 451 313 707 655 524 240 754 958 491 649 635 103 900 931 509 381 600 248 768 586 446 345 951 532 935 507 746 868 682 528 782 624 808 929 231 694 937 58 167 180 944 862 872 302 435 172 599 959 151 322 426 747 770 449 773 116 161 617 544 540 35 694 558 133 90 23 89 926 778 941 12 750
874 225 714 148 749 758 777 23 971 355 490 515 899 378 408 890 988 344 479 319 162 874 707 773 35 552 45 436 665 629 116 804 376 354 809 946 775 554 552 748 457 495 3 505 468 900 849 355 329 627 663 599 84 648 965 981 174 134 924 469 113 841 510 153 260 125 711 89 207 166 450 699 961 521 991 587 160 473 523 42 281 93 119 346 736 320 902 362 849 281 521 686 288 78 270 10 14 500 224 782 101 273 208 93 494 68 268 913 504 115 28 281 69 301 870 305 851 868 10 213
734 27 760 960 636 75 755 446 933 23 82 874 283 600 713 838 36 852 316 23 396 650 823 959 143 662 387 642 583 533 468 575 796 561 803 50 36 230 541 388 382 340 157 901 666 565 438 688 820 105 348 880 17 776 852 897 66 88 530 185 752 167 618 144 567 539 594 646 918 408 559 772 726 425 845 630 394 2 196 335 479 285 143 885 189 852 648 526 486 958 233 107 469 221 837 211 433 183 152 435 818 347 346 405 812 895 674 590 995 207 977 47 299 545 351 60 51 183 590 161
431 661 690 438 851 508 720 405 593 686 582 765 562 594 580 132 992 168 262 869 315 393 62 476 591 792 67 116 766 483 77 827 428 105 619 732 881 758 907 308 867 116 650 960 194 467 820 6 344 147 997 970 552 352 545 58 590 22 929 300 583 414 831 479 642 416 27 960 478 778 343 600 486 769 776 459 507 886 645 530 960 683 869 163 523 247 364 576 586 407 381 295 980 431 214 737 970 120 648 406 558 171 502 383 754 533 321 564 667 707 809 32 445 408 59 520 18 8 550 66
60 295 388 643 751 492 500 268 711 99 298 614 704 515 945 13 982 177 617 951 551 351 590 341 369 441 477 106 18 838 639 311 88 114 875 550 840 519 104 294 643 693 161 133 303 863 586 645 835 680 892 848 366 94 884 637 80 357 90 456 586 575 751 260 162 938 142 996 202 66 535 947 819 841 705 984 253 836 63 726 986 191 949 178 546 339 307 606 271 359 354 757 36 292 85 63 395 118 915 888 230 472 459 708 15 606 896 702 674 280 694 729 34 17 689 452 23 49 591 134
669 959 142 838 685 79 257 640 617 117 822 429 448 713 205 938 684 425 286 677 168 837 414 152 192 469 615 397 461 32 796 13 164 585 77 117 941 71 169 627 152 892 276 617 852 242 622 448 2 697 143 576 182 333 904 437 352 998 643 692 603 424 597 999 899 782 186 831 460 225 386 337 776 22 834 722 609 663 582 342 944 937 293 838 972 39 277 681 903 110 921 53 117 953 136 735 206 703 304 944 686 42 970 249 987 74 63 105 326 98 419 701 109 113 225 803 602 449 548 640
884 100 833 552 845 733 838 832 870 294 506 149 791 483 380 111 61 264 845 515 575 423 881 920 845 525 874 628 658 785 173 626 715 375 469 106 208 260 349 313 440 666 915 763 459 343 241 646 171 928 127 113 243 851 374 372 548 197 495 641 380 841 404 611 912 26 990 342 860 243 423 87 1 508 737 109 432 663 968 768 581 404 244 696 743 58 211 57 101 199 237 373 275 417 89 699 358 421 78 311 525 400 293 89 433 52 654 50 895 677 752 604 621 340 430 379 297 790 971 353
382 330 104 173 936 296 848 184 520 148 460 251 487 586 889 891 12 681 963 672 547 169 296 718 950 305 425 326 989 141 462 613 404 96 892 396 140 401 138 873 19 601 773 284 768 757 904 757 802 391 88 965 720 51 439 651 742 375 447 41 406 763 649 870 93 538 182 678 463 329 901 943 581 150 894 854 526 91 110 915 180 300 332 96 456 422 699 281 816 922 505 311 463 792 503 22 958 56 521 481 66 782 992 659 821 372 286 920 169 717 370 779 378 320 69 930 814 908 456 913
385 854 219 734 782 170 979 117 621 791 17 840 902 612 503 877 593 429 218 891 850 107 782 12 593 667 52 214 556 137 886 947 763 253 569 327 610 661 659 762 293 690 574 398 520 31 356 732 798 711 84 122 524 542 309 62 181 211 274 529 647 772 917 718 662 218 47 58 713 550 272 560 451 412 947 629 747 31 180 761 582 126 685 62 20 549 142 830 625 445 708 584 343 112 29 827 105 784 689 271 297 528 859 743 5 869 281 443 493 781 832 900 81 360 269 1 690 754 17 323
6 709 114 612 543 453 434 207 136 719 259 65 86 216 460 108 983 268 197 525 478 661 886 88 608 472 932 520 821 365 807 46 297 602 862 993 619 208 807 262 526 519 26 680 278 39 134 290 837 599 797 131 62 882 876 562 130 470 789 675 625 488 863 401 267 598 673 470 711 276 578 352 482 818 413 661 788 300 634 153 256 42 208 13 107 850 650 883 375 756 615 408 287 685 294 274 157 375 450 523 642 983 674 974 158 936 636 824 744 767 410 49 904 183 69 740 923 654 480 937
61 178 320 92 260 681 691 709 413 324 574 983 822 518 891 346 564 232 743 608 66 187 301 857 505 152 656 114 489 222 414 782 129 307 825 861 290 391 832 532 169 573 167 389 868 299 43 745 525 84 442 707 735 468 665 502 518 20 630 985 578 445 112 809 165 330 796 504 292 689 730 701 636 105 655 844 470 99 957 983 876 874 634 252 460 21 653 760 325 622 623 188 914 579 680 840 812 749 767 725 635 798 655 983 238 816 343 50 553 596 961 196 584 856 967 451 162 397 762 310
860 40 161 257 655 905 465 633 696 346 401 628 610 15 867 435 174 594 816 472 291 692 649 35 620 67 461 190 314 910 309 290 755 670 196 410 867 174 658 784 554 812 250 461 653 81 26 726 737 950 667 563 853 281 778 578 360 664 382 29 115 299 99 688 800 223 462 878 850 81 401 797 390 488 449 695 347 848 517 564 446 971 882 509 953 529 853 947 316 690 368 768 291 809 768 469 834 356 599 181 191 291 533 328 335 726 380 883 931 891 828 694 988 975 467 399 364 267 121 406